72209162200 2950527
72209162200 3690144
72208302118 1890170
72208302118 4100237
72208302118 4480366
72208302118 6050591
72208302118 7070492
72208302118 7160654
72208311151 270831
72208311151 580659
72208311151 940506
72208311151 1470238
72208311151 1990872
72208311151 2100762
72208311151 2440577
72208311151 2860787
72208311151 2940570
72208311151 2980892
72208311151 3180220
72208311151 3810057
72210191832 600995
72210191832 701225
72210191832 1570019
72210191832 1830950
72210192240 160493
72210192240 671224
72210192240 2140569
72210192240 2331250
72210192240 2450955
72210192240 2760934
72210192240 3180935
72210192240 3311131
72210192240 3580540
72210192240 3980308
72210192240 4340160
72210192240 4370222
72210192240 4601077
72210200954 610838
72210200954 740716
72210200954 1050355
72210200954 1561002
72210200954 1780407
72210200954 2341033
72210200954 2480856
72210200954 2680003
72210200954 2881229
72210200954 2901259
72210200954 3020500
72210200954 3630456
72210200954 3781303
72210200954 3861136
72210200954 4000272
72210200954 4120008
72210200954 4261003
72210200954 4340544
72210200954 4441228
72210200954 4471116
72210200954 4480120
72210200954 4480968
72210200954 4570795
72210200954 4580146
72210200954 4761068
72210200954 5190722
72210251956 581156
72210251956 2130175
72210251956 3450467
72210251956 3961429
72210251956 5230134
72210251956 5360218
72210251956 5501218
72210251956 5920796
72210251956 5960351
72210261049 70717
72210261049 330752
72210261049 490582
72210261049 730852
72210261049 1231260
72210261049 1360042
72210261049 2121043
72210261049 2450054
72210261049 2620580
72210261049 2850200
72210261049 2860033
72210261049 3080403
72210261049 3280365
72210261049 3400620
72210261049 3571206
72210261049 3831195
72210261049 4050453
72210261049 4180769
72210261049 4470243
72210261049 4611255
72210261049 4680196
72210261049 4790026
72210261049 4870085
72210261049 4910624
72210261049 5161249
72210261049 5291234
72210261049 5351188
72210261049 5670367
72210261049 6160178
72210261049 6191126
72210261049 6291084
72210261049 6430377
72210262224 1981361
72210262224 2461083
72210262224 2550494
72210262224 2981275
72210262224 3310429
72210262224 3840257
72210262224 4580905
72210262224 4660800
72210262224 4731079
72210262224 4860193
72210262224 5340792
72210262224 5401304
72210262224 5900922
72210262224 6020630
72210262224 6320644
72210270959 290963
72210270959 521323
72210270959 611090
72210270959 700758
72210270959 880768
72210270959 950908
72210270959 1160646
72210270959 1490401
72210270959 1670467
72210270959 1730463
72210270959 1760011
72210270959 1801075
72210270959 1941319
72210270959 2331144
72210270959 2740922
72210270959 2750086
72210270959 3121245
72210270959 3190447
72210270959 3210666
72210270959 3221318
72210270959 3241072
72210270959 3481384
