72209162200 20309
72209162200 40339
72209162200 50269
72209162200 60108
72209162200 60849
72209162200 80307
72209162200 100246
72209162200 110588
72209162200 110617
72209162200 120647
72209162200 120688
72209162200 130460
72209162200 140628
72209162200 150823
72209162200 160296
72209162200 170423
72209162200 180002
72209162200 180423
72209162200 230432
72209162200 240270
72209162200 270221
72209162200 340151
72209162200 340912
72209162200 380054
72209162200 380186
72209162200 390511
72209162200 420391
72209162200 420816
72209162200 430710
72209162200 440168
72209162200 480387
72209162200 480389
72209162200 500725
72209162200 520930
72209162200 540170
72209162200 540903
72209162200 550322
72209162200 560707
72209162200 560931
72209162200 570415
72209162200 580008
72209162200 580723
72209162200 590121
72209162200 610172
72209162200 610663
72209162200 610684
72209162200 640653
72209162200 650751
72209162200 670228
72209162200 670650
72209162200 690338
72209162200 710437
72209162200 740337
72209162200 750334
72209162200 750490
72209162200 760179
72209162200 770287
72209162200 780145
72209162200 780259
72209162200 780278
72209162200 780628
72209162200 800530
72209162200 810923
72209162200 820568
72209162200 840012
72209162200 840222
72209162200 850265
72209162200 860663
72209162200 880573
72209162200 880913
72209162200 910282
72209162200 920809
72209162200 920948
72209162200 930239
72209162200 930872
72209162200 940631
72209162200 950888
72209162200 960920
72209162200 970767
72209162200 1000241
72209162200 1040569
72209162200 1050223
72209162200 1050803
72209162200 1060435
72209162200 1060589
72209162200 1070509
72209162200 1080401
72209162200 1090346
72209162200 1090619
72209162200 1090622
72209162200 1100492
72209162200 1110143
72209162200 1110649
72209162200 1110879
72209162200 1120457
72209162200 1130006
72209162200 1130100
72209162200 1130568
72209162200 1150306
72209162200 1150698
72209162200 1190784
72209162200 1190807
72209162200 1210219
72209162200 1210850
72209162200 1220023
72209162200 1250215
72209162200 1250530
72209162200 1260025
72209162200 1260636
72209162200 1270435
72209162200 1290108
72209162200 1290407
72209162200 1330157
72209162200 1350141
72209162200 1350308
72209162200 1380316
72209162200 1390032
72209162200 1390085
72209162200 1410541
72209162200 1420675
72209162200 1430009
72209162200 1430558
72209162200 1430862
72209162200 1450019
72209162200 1460495
72209162200 1480382
72209162200 1480663
72209162200 1490320
72209162200 1490368
72209162200 1560422
72209162200 1560594
72209162200 1570496
72209162200 1580288
72209162200 1580536
72209162200 1590154
72209162200 1620713
72209162200 1630843
72209162200 1650404
72209162200 1650858
72209162200 1670558
72209162200 1710640
72209162200 1720361
72209162200 1720548
72209162200 1740533
72209162200 1740541
72209162200 1740875
72209162200 1750163
72209162200 1750806
72209162200 1760688
72209162200 1770687
72209162200 1770693
72209162200 1780091
72209162200 1780723
72209162200 1790606
72209162200 1800199
72209162200 1810683
72209162200 1810728
72209162200 1820119
72209162200 1830115
72209162200 1840259
72209162200 1860196
72209162200 1870496
72209162200 1890196
72209162200 1900587
72209162200 1910495
72209162200 1920888
72209162200 1950664
72209162200 1960525
72209162200 1960663
72209162200 1960762
72209162200 1960842
72209162200 1970326
72209162200 1980034
72209162200 2020880
72209162200 2030087
72209162200 2030787
72209162200 2040143
72209162200 2040801
72209162200 2090134
72209162200 2090374
72209162200 2090651
72209162200 2110042
72209162200 2110321
72209162200 2120672
72209162200 2130473
72209162200 2130797
72209162200 2150290
72209162200 2160283
72209162200 2170832
72209162200 2180019
72209162200 2180301
72209162200 2190009
72209162200 2190332
72209162200 2190588
72209162200 2200105
72209162200 2200405
72209162200 2210439
72209162200 2230440
72209162200 2270352
72209162200 2280178
72209162200 2290702
72209162200 2300247
72209162200 2300857
72209162200 2310373
72209162200 2310435
72209162200 2310601
72209162200 2310719
72209162200 2310824
72209162200 2310881
72209162200 2330447
72209162200 2370310
72209162200 2370313
72209162200 2380066
72209162200 2380465
72209162200 2380736
72209162200 2400589
72209162200 2410532
72209162200 2430435
72209162200 2490200
72209162200 2490332
72209162200 2500665
72209162200 2510063
72209162200 2540055
72209162200 2560680
72209162200 2570086
72209162200 2570119
72209162200 2580734
72209162200 2590533
72209162200 2600244
72209162200 2620380
72209162200 2620773
72209162200 2630787
72209162200 2640047
72209162200 2650074
72209162200 2660855
72209162200 2670168
72209162200 2680389
72209162200 2680691
72209162200 2690600
72209162200 2720595
72209162200 2720721
72209162200 2740277
72209162200 2740839
72209162200 2820612
72209162200 2830785
72209162200 2840820
72209162200 2850462
72209162200 2860894
72209162200 2880745
72209162200 2880748
72209162200 2920068
72209162200 2920350
72209162200 2940033
72209162200 2940061
72209162200 2950491
72209162200 2980380
72209162200 3000415
72209162200 3030037
72209162200 3030252
72209162200 3030713
72209162200 3040125
72209162200 3070703
72209162200 3070886
72209162200 3090804
72209162200 3120083
72209162200 3130424
72209162200 3150288
72209162200 3150416
72209162200 3160488
72209162200 3160641
72209162200 3200505
72209162200 3210234
72209162200 3210392
72209162200 3220184
72209162200 3230694
72209162200 3260787
72209162200 3270463
72209162200 3270617
72209162200 3270905
72209162200 3280930
72209162200 3320271
72209162200 3320772
72209162200 3350116
72209162200 3350178
72209162200 3350723
72209162200 3380191
72209162200 3380446
72209162200 3380687
72209162200 3390032
72209162200 3390608
72209162200 3410103
72209162200 3430119
72209162200 3430598
72209162200 3440582
72209162200 3450632
72209162200 3460135
72209162200 3480425
72209162200 3480506
72209162200 3500735
72209162200 3510171
72209162200 3520916
72209162200 3530448
72209162200 3540826
72209162200 3560843
72209162200 3570157
72209162200 3570224
72209162200 3580438
72209162200 3590307
72209162200 3590602
72209162200 3610314
72209162200 3610635
72209162200 3620570
72209162200 3630264
72209162200 3630788
72209162200 3660395
72209162200 3660481
72209162200 3680615
72209162200 3710851
72209162200 3720472
72209162200 3740624
72209162200 3780475
72209162200 3790334
72209162200 3840243
72209162200 3840420
72209162200 3850703
72209162200 3880525
72209162200 3890159
72209162200 3900223
72209162200 3940640
72209162200 3950768
72209162200 3960091
72209162200 3970008
72209162200 4000494
72209162200 4000707
72209162200 4010128
72209162200 4010538
72209162200 4050024
72209162200 4050050
72209162200 4070234
72209162200 4090471
72209162200 4090774
72209162200 4100643
72209162200 4110128
72209162200 4130213
72209162200 4130230
72209162200 4130886
72209162200 4140736
72209162200 4160243
72209162200 4160469
72209162200 4200383
72209162200 4200734
72209162200 4210052
72209162200 4210783
72209162200 4240629
72209162200 4260281
72209162200 4260811
72209162200 4270194
72209162200 4280711
72209162200 4310219
72209162200 4330193
72209162200 4340723
72209162200 4350081
72209162200 4370422
72209162200 4370633
72209162200 4380331
72209162200 4390531
72209162200 4400504
72209162200 4410330
72209162200 4410488
72209162200 4440830
72209162200 4450526
72209162200 4450764
72209162200 4460275
72209162200 4470231
72209162200 4500856
72209162200 4520043
72209162200 4540360
72209162200 4550260
72209162200 4570724
72209162200 4570762
72209162200 4570777
72209162200 4590025
72209162200 4590145
72209162200 4590916
72209162200 4630374
72209162200 4640701
72209162200 4650446
72209162200 4660023
72209162200 4680682
72209162200 4700329
72209162200 4700787
72209162200 4700888
72209162200 4710122
72209162200 4710317
72209162200 4770218
72209162200 4780297
72209162200 4780653
72209162200 4800374
72209162200 4810796
72209162200 4820504
72209162200 4820822
72209162200 4860070
72209162200 4860251
72209162200 4860386
72209162200 4880840
72209162200 4890649
72209162200 4930030
72209162200 4960169
72209162200 4960825
72209162200 4970131
72209162200 4990895
72209162200 5050645
72209162200 5050732
72209162200 5060563
72209162200 5070495
72209162200 5080548
72209162200 5090588
72209162200 5090597
72209162200 5120188
72209162200 5130356
72209162200 5130895
72209162200 5140746
72209162200 5180413
72209162200 5240811
72209162200 5250867
72209162200 5260711
72209162200 5280889
72209162200 5290181
72209162200 5290780
72209162200 5330668
72209162200 5330875
72209162200 5370208
72209162200 5370375
72209162200 5380569
72209162200 5400834
72209162200 5410560
72209162200 5420021
72209162200 5450253
72209162200 5460447
72209162200 5480186
72209162200 5490053
72209162200 5500243
72209162200 5540143
72209162200 5550829
72209162200 5570225
72209162200 5570518
72209162200 5580450
72209162200 5580893
72209162200 5590678
72209162200 5600555
72209162200 5600684
72209162200 5600827
72209162200 5600851
72209162200 5620060
72209162200 5620134
72209162200 5640434
72209162200 5640544
72209162200 5650437
72209162200 5650805
72209162200 5660057
72209162200 5670060
72209162200 5670390
72209162200 5680238
72209162200 5690046
72209162200 5690125
72209162200 5690738
72209162200 5740322
72209162200 5740591
72209162200 5760128
72209162200 5760180
72209162200 5770785
72209162200 5780839
72209162200 5790661
72209162200 5800525
72209162200 5810161
72209162200 5810300
72209162200 5820496
72209162200 5830100
72209162200 5830473
72209162200 5830579
72209162200 5850078
72209162200 5860082
72209162200 5880059
72209162200 5930476
72209162200 5930599
72209162200 5940049
72209162200 5940317
72209162200 5950145
72209162200 5950460
72209162200 5960312
72209162200 5960879
72209162200 6000522
72209162200 6010388
72209162200 6010925
72209162200 6010928
72209162200 6020467
72209162200 6030170
72209162200 6040297
72209162200 6050033
72209162200 6060536
72209162200 6070548
72209162200 6090706
72209162200 6100761
72209162200 6160887
72209162200 6180666
72209162200 6190653
72209162200 6200672
72209162200 6230832
72209162200 6250159
72209162200 6260309
72209162200 6260529
72209162200 6260592
72209162200 6300112
72209162200 6300262
72209162200 6300457
72209162200 6330250
72209162200 6360093
72209162200 6370722
72209162200 6390081
72209162200 6390609
72209162200 6420460
72209162200 6450101
72209162200 6450538
72209162200 6460652
72209162200 6470790
72209162200 6480454
72209162200 6480512
72209162200 6480647
72209162200 6500693
72209162200 6510621
72209162200 6520396
72209162200 6520675
72209162200 6530178
72209162200 6540405
72209162200 6570296
72209162200 6600840
72209162200 6610717
72209162200 6620121
72209162200 6670003
72209162200 6680267
72209162200 6690269
72209162200 6790651
72209162200 6820540
72209162200 6820549
72209162200 6830112
72209162200 6840477
72209162200 6850091
72209162200 6870364
72209162200 6890796
72209162200 6900709
72209162200 6920120
72209162200 6930072
72209162200 6930256
72209162200 6930347
72209162200 6930380
72209162200 6950169
72209162200 6990690
72209162200 7000712
72209162200 7000910
72209162200 7010861
72209162200 7010921
72209162200 7020059
72209162200 7020256
72209162200 7030705
72209162200 7060275
72209162200 7080841
72209162200 7100405
72209162200 7120189
72209162200 7120853
72209162200 7150213
72209162200 7160371
72209162200 7160546
72209162200 7160810
72209162200 7170190
72209162200 7190203
72209162200 7190236
72209162200 7220890
72209162200 7230343
72209162200 7260306
72209162200 7260683
72209162200 7270169
72209162200 7300339
72209162200 7310565
72209162200 7310590
72209162200 7320269
72209162200 7330541
72209162200 7350213
72209162200 7350397
72209162200 7360209
72209162200 7360750
72209162200 7370027
72209162200 7370339
72209162200 7370515
72209162200 7380028
72209162200 7390456
72209162200 7410314
72209162200 7430528
72209162200 7430884
72209162200 7440215
72209171225 11225
72209171225 40184
72209171225 70517
72209171225 90589
72209171225 90833
72209171225 100322
72209171225 100335
72209171225 100337
72209171225 120355
72209171225 150852
72209171225 160926
72209171225 170874
72209171225 180014
72209171225 180809
72209171225 210770
72209171225 230110
72209171225 230829
72209171225 260293
72209171225 300068
72209171225 300128
72209171225 310468
72209171225 340696
72209171225 350602
72209171225 370428
72209171225 370752
72209171225 380045
72209171225 380215
72209171225 390605
72209171225 410837
72209171225 440483
72209171225 450235
72209171225 450756
72209171225 510708
72209171225 510837
72209171225 520405
72209171225 550506
72209171225 550677
72209171225 560107
72209171225 560760
72209171225 570123
72209171225 570269
72209171225 570598
72209171225 590460
72209171225 590540
72209171225 600703
72209171225 600776
72209171225 610010
72209171225 650014
72209171225 680642
72209171225 690523
72209171225 690726
72209171225 700590
72209171225 730223
72209171225 730680
72209171225 780204
72209171225 780415
72209171225 780842
72209171225 790339
72209171225 800644
72209171225 810133
72209171225 820307
72209171225 830654
72209171225 850886
72209171225 860116
72209171225 870445
72209171225 880361
72209171225 880722
72209171225 890287
72209171225 900547
72209171225 950328
72209171225 960300
72209171225 960475
72209171225 970889
72209171225 980744
72209171225 990358
72209171225 1000175
72209171225 1000430
72209171225 1010147
72209171225 1010421
72209171225 1020433
72209171225 1030549
72209171225 1030684
72209171225 1040506
72209171225 1050411
72209171225 1060115
72209171225 1100486
72209171225 1110092
72209171225 1110957
72209171225 1120765
72209171225 1120925
72209171225 1130535
72209171225 1140389
72209171225 1140548
72209171225 1170323
72209171225 1190497
72209171225 1190576
72209171225 1190748
72209171225 1230144
72209171225 1230548
72209171225 1250534
72209171225 1270239
72209171225 1270403
72209171225 1290559
72209171225 1290610
72209171225 1300760
72209171225 1310232
72209171225 1310711
72209171225 1310816
72209171225 1360373
72209171225 1360719
72209171225 1400479
72209171225 1410617
72209171225 1440562
72209171225 1460846
72209171225 1470168
72209171225 1470591
72209171225 1480145
72209171225 1490333
72209171225 1490498
72209171225 1490691
72209171225 1500398
72209171225 1520566
72209171225 1550080
72209171225 1550705
72209171225 1560841
72209171225 1580184
72209171225 1580809
72209171225 1590110
72209171225 1590864
72209171225 1620720
72209171225 1640733
72209171225 1650167
72209171225 1680387
72209171225 1680462
72209171225 1690377
72209171225 1690777
72209171225 1700015
72209171225 1700564
72209171225 1700785
72209171225 1710583
72209171225 1730200
72209171225 1730581
72209171225 1750297
72209171225 1780394
72209171225 1780911
72209171225 1790294
72209171225 1810125
72209171225 1820467
72209171225 1820657
72209171225 1830285
72209171225 1840695
72209171225 1890472
72209171225 1900197
72209171225 1900632
72209171225 1910335
72209171225 1920705
72209171225 1930301
72209171225 1940101
72209171225 1940404
72209171225 1940873
72209171225 1950528
72209171225 1960296
72209171225 1970612
72209171225 1970946
72209171225 2000424
72209171225 2010251
72209171225 2010329
72209171225 2030110
72209171225 2030680
72209171225 2040264
72209171225 2050209
72209171225 2050439
72209171225 2060186
72209171225 2060216
72209171225 2060837
72209171225 2060887
72209171225 2080016
72209171225 2100507
72209171225 2100726
72209171225 2110908
72209171225 2130589
72209171225 2130758
72209171225 2170166
72209171225 2180845
72209171225 2220296
72209171225 2220579
72209171225 2250407
72209171225 2250859
72209171225 2290326
72209171225 2300162
72209171225 2330539
72209171225 2330945
72209171225 2340336
72209171225 2340419
72209171225 2340432
72209171225 2360030
72209171225 2380238
72209171225 2380670
72209171225 2400049
72209171225 2410822
72209171225 2420584
72209171225 2420820
72209171225 2430154
72209171225 2430208
72209171225 2430271
72209171225 2440608
72209171225 2450921
72209171225 2470475
72209171225 2480236
72209171225 2530121
72209171225 2530284
72209171225 2540116
72209171225 2550904
72209171225 2560118
72209171225 2580365
72209171225 2590126
72209171225 2600193
72209171225 2610759
72209171225 2620057
72209171225 2620371
72209171225 2630479
72209171225 2640228
72209171225 2640579
72209171225 2650327
72209171225 2650395
72209171225 2660050
72209171225 2700265
72209171225 2700489
72209171225 2710841
72209171225 2730731
72209171225 2740340
72209171225 2750246
72209171225 2750623
72209171225 2750804
72209171225 2790209
72209171225 2800023
72209171225 2800492
72209171225 2800598
72209171225 2810346
72209171225 2810681
72209171225 2810879
72209171225 2840093
72209171225 2840820
72209171225 2850591
72209171225 2860716
72209171225 2870868
72209171225 2900039
72209171225 2900617
72209171225 2910234
72209171225 2910242
72209171225 2910265
72209171225 2910678
72209171225 2940228
72209171225 2960129
72209171225 2970480
72209171225 2970647
72209171225 2980092
72209171225 2980281
72209171225 3000414
72209171225 3010121
72209171225 3010306
72209171225 3020550
72209171225 3030744
72209171225 3030867
72209171225 3040642
72209171225 3040695
72209171225 3050230
72209171225 3050298
72209171225 3050718
72209171225 3060348
72209171225 3060867
72209171225 3090181
72209171225 3100127
72209171225 3100271
72209171225 3130430
72209171225 3140171
72209171225 3140533
72209171225 3140592
72209171225 3150003
72209171225 3150929
72209171225 3160820
72209171225 3190365
72209171225 3200882
72209171225 3220127
72209171225 3230430
72209171225 3230564
72209171225 3240393
72209171225 3240806
72209171225 3260623
72209171225 3270331
72209171225 3290733
72209171225 3300216
72209171225 3310283
72209171225 3310642
72209171225 3320220
72209171225 3320811
72209171225 3370019
72209171225 3370351
72209171225 3370612
72209171225 3390113
72209171225 3390662
72209171225 3420691
72209171225 3440491
72209171225 3440793
72209171225 3470054
72209171225 3470433
72209171225 3490300
72209171225 3490454
72209171225 3490810
72209171225 3500068
72209171225 3550200
72209171225 3570765
72209171225 3570827
72209171225 3590120
72209171225 3590722
72209171225 3640268
72209171225 3640865
72209171225 3650046
72209171225 3650058
72209171225 3650681
72209171225 3660735
72209171225 3710305
72209171225 3730333
72209171225 3740347
72209171225 3760021
72209171225 3760085
72209171225 3760664
72209171225 3770152
72209171225 3780179
72209171225 3780224
72209171225 3780935
72209171225 3790234
72209171225 3790415
72209171225 3800031
72209171225 3800257
72209171225 3830371
72209171225 3840533
72209171225 3860027
72209171225 3870123
72209171225 3890284
72209171225 3890471
72209171225 3900015
72209171225 3900030
72209171225 3900102
72209171225 3920450
72209171225 3920625
72209171225 3960112
72209171225 3990012
72209171225 3990680
72209171225 4000126
72209171225 4000613
72209171225 4000878
72209171225 4020380
72209171225 4040458
72209171225 4060706
72209171225 4070299
72209171225 4070386
72209171225 4080643
72209171225 4110635
72209171225 4120492
72209171225 4120541
72209171225 4120723
72209171225 4140559
72209171225 4160759
72209171225 4170212
72209171225 4170505
72209171225 4190434
72209171225 4200354
72209171225 4200465
72209171225 4200678
72209171225 4240541
72209171225 4270198
72209171225 4280902
72209171225 4300381
72209171225 4300405
72209171225 4310034
72209171225 4320878
72209171225 4320938
72209171225 4340135
72209171225 4340365
72209171225 4340394
72209171225 4360412
72209171225 4380349
72209171225 4390192
72209171225 4410862
72209171225 4430117
72209171225 4430583
72209171225 4430598
72209171225 4520828
72209171225 4530554
72209171225 4530869
72209171225 4550184
72209171225 4590651
72209171225 4600240
72209171225 4610477
72209171225 4610570
72209171225 4610702
72209171225 4620151
72209171225 4620378
72209171225 4620407
72209171225 4650452
72209171225 4680071
72209171225 4680897
72209171225 4690750
72209171225 4690849
72209171225 4710363
72209171225 4710444
72209171225 4710875
72209171225 4740489
72209171225 4740663
72209171225 4740786
72209171225 4740844
72209171225 4750710
72209171225 4780503
72209171225 4810359
72209171225 4820332
72209171225 4840196
72209171225 4880309
72209171225 4880330
72209171225 4890441
72209171225 4890749
72209171225 4910256
72209171225 4910695
72209171225 4920388
72209171225 4930361
72209171225 4950033
72209171225 4950112
72209171225 4970509
72209171225 4970586
72209171225 4980237
72209171225 4990328
72209171225 5020932
72209171225 5030064
72209171225 5030079
72209171225 5030407
72209171225 5030765
72209171225 5030805
72209171225 5040904
72209171225 5050474
72209171225 5060642
72209171225 5080641
72209171225 5100400
72209171225 5100430
72209171225 5110635
72209171225 5140481
72209171225 5150345
72209171225 5150878
72209171225 5160570
72209171225 5170374
72209171225 5180397
72209171225 5220322
72209171225 5220433
72209171225 5230527
72209171225 5240290
72209171225 5240504
72209172155 40198
72209172155 60015
72209172155 70819
72209172155 110052
72209172155 160748
72209172155 160833
72209172155 190873
72209172155 210237
72209172155 220309
72209172155 220618
72209172155 250190
72209172155 260099
72209172155 280057
72209172155 290014
72209172155 290528
72209172155 320511
72209172155 340508
72209172155 350054
72209172155 390282
72209172155 390748
72209172155 400835
72209172155 420484
72209172155 450481
72209172155 450718
72209172155 490349
72209172155 500877
72209172155 510282
72209172155 510733
72209172155 530748
72209172155 540174
72209172155 560604
72209172155 570919
72209172155 580290
72209172155 580392
72209172155 590312
72209172155 600396
72209172155 600457
72209172155 660045
72209172155 660482
72209172155 700565
72209172155 710108
72209172155 710383
72209172155 720047
72209172155 720097
72209172155 790005
72209172155 790154
72209172155 820864
72209172155 840155
72209172155 840206
72209172155 840752
72209172155 850204
72209172155 850272
72209172155 850431
72209172155 850699
72209172155 850781
72209172155 860773
72209172155 900575
72209172155 910514
72209172155 920139
72209172155 920737
72209172155 930223
72209172155 950727
72209172155 1030030
72209172155 1070400
72209172155 1080099
72209172155 1100425
72209172155 1120491
72209172155 1160339
72209172155 1210218
72209172155 1290044
72209172155 1310340
72209172155 1400829
72209172155 1410411
72209172155 1420286
72209172155 1460103
72209172155 1500247
72209172155 1500583
72209172155 1550508
72209172155 1560477
72209172155 1570651
72209172155 1610285
72209172155 1620121
72209172155 1620220
72209172155 1620472
72209172155 1620841
72209172155 1780569
72209172155 1790139
72209172155 1790263
72209172155 1810427
72209172155 1820924
72209172155 1840053
72209172155 1870008
72209172155 1870406
72209172155 1900777
72209172155 1990091
72209172155 1990830
72209172155 2010568
72209172155 2020326
72209172155 2020591
72209172155 2030429
72209172155 2060050
72209172155 2060679
