72209162200 440254
72209162200 1900344
72209162200 1980555
72209162200 2180444
72209162200 2190267
72209162200 2670383
72209162200 3900757
72209162200 3930882
72209162200 4200210
72209162200 4460665
72209162200 4640717
72209162200 4770390
72209162200 5080639
72209162200 5180576
72209162200 5510341
72209162200 6570854
72209171225 110326
72209171225 330267
72209171225 360421
72209171225 840734
72209171225 2530392
72209171225 2970574
72209171225 3050835
72209171225 3480255
72209171225 3580726
72209171225 3920201
72209171225 4070216
72209171225 4320776
72209171225 4410323
72209171225 4970521
72209171225 4980218
72209171225 5100145
72209171225 5100880
72209171225 5270522
72209172155 680100
72209172155 730469
72209172155 810149
72209172155 1730021
72208301829 30600
72208301829 50284
72208301829 60525
72208301829 80488
72208301829 80600
72208301829 90593
72208301829 110095
72208301829 120123
72208301829 120127
72208301829 140406
72208301829 150184
72208301829 170624
72208301829 200106
72208301829 250584
72208301829 270178
72208301829 350411
72208301829 360138
72208301829 400707
72208301829 450215
72208301829 460069
72208301829 500476
72208301829 510406
72208301829 510736
72208301829 520655
72208301829 530623
72208301829 590643
72208301829 590852
72208301829 600395
72208301829 610672
72208301829 630567
72208301829 650567
72208301829 670797
72208301829 690496
72208301829 720563
72208301829 720660
72208301829 760402
72208301829 760466
72208301829 780800
72208301829 850699
72208302118 350677
72208302118 430224
72208302118 460099
72208302118 460178
72208302118 780021
72208302118 780430
72208302118 790456
72208302118 810486
72208302118 830544
72208302118 840426
72208302118 850695
72208302118 900389
72208302118 930332
72208302118 1110129
72208302118 1120790
72208302118 1340527
72208302118 1370824
72208302118 1480056
72208302118 1640199
72208302118 1660076
72208302118 1700631
72208302118 1720721
72208302118 1740379
72208302118 1750264
72208302118 1800398
72208302118 1820155
72208302118 1890885
72208302118 1930342
72208302118 2050193
72208302118 2400864
72208302118 2450231
72208302118 2540256
72208302118 2570247
72208302118 2640090
72208302118 2650159
72208302118 2670238
72208302118 2680048
72208302118 2720791
72208302118 2780161
72208302118 2790893
72208302118 2890851
72208302118 2960045
72208302118 3120364
72208302118 3120445
72208302118 3180558
72208302118 3200119
72208302118 3200357
72208302118 3200660
72208302118 3210470
72208302118 3270037
72208302118 3270228
72208302118 3270718
72208302118 3280693
72208302118 3300604
72208302118 3420440
72208302118 3450290
72208302118 3450468
72208302118 3580497
72208302118 3600141
72208302118 3680430
72208302118 3700297
72208302118 3900747
72208302118 3910217
72208302118 4060061
72208302118 4210439
72208302118 4240858
72208302118 4310580
72208302118 4390724
72208302118 4420663
72208302118 4450735
72208302118 4500437
72208302118 4560397
72208302118 4570107
72208302118 4710027
72208302118 4880375
72208302118 4880735
72208302118 4890685
72208302118 4900380
72208302118 4930330
72208302118 4950867
72208302118 4960823
72208302118 4970244
72208302118 5110510
72208302118 5290127
72208302118 5310621
72208302118 5330373
72208302118 5330454
72208302118 5330849
72208302118 5390395
72208302118 5410266
72208302118 5420562
72208302118 5420745
72208302118 5440365
72208302118 5510253
72208302118 5580569
72208302118 5640008
72208302118 5640484
72208302118 5710672
72208302118 5900564
72208302118 5980328
72208302118 6030396
72208302118 6210315
72208302118 6250146
72208302118 6310789
72208302118 6330386
72208302118 6400591
72208302118 6430608
72208302118 6510636
72208302118 6660091
72208302118 6700744
72208302118 6790711
72208302118 6840046
72208302118 6850838
72208302118 6890340
72208302118 6990477
72208302118 7000685
72208302118 7010162
72208302118 7010427
72208302118 7010802
72208302118 7020460
72208302118 7030029
72208302118 7030070
72208302118 7030095
72208302118 7030224
72208302118 7040008
72208302118 7050078
72208302118 7060719
72208302118 7060742
72208302118 7070035
72208302118 7080283
72208302118 7080306
72208302118 7080852
72208302118 7090024
72208302118 7090815
72208302118 7100412
72208302118 7110751
72208302118 7120383
72208302118 7120613
72208302118 7130100
72208302118 7130109
72208302118 7130266
72208302118 7130341
72208302118 7140143
72208302118 7150604
72208302118 7150864
72208302118 7170682
72208302118 7180317
72208302118 7180692
72208302118 7200125
72208302118 7200790
72208311151 20354
72208311151 30534
72208311151 30546
72208311151 40102
72208311151 50737
72208311151 80264
72208311151 80621
72208311151 100357
72208311151 110011
72208311151 170759
72208311151 190799
72208311151 200441
72208311151 220095
72208311151 260587
72208311151 260640
72208311151 260810
72208311151 280142
72208311151 280344
72208311151 310521
72208311151 320217
72208311151 320394
72208311151 320439
72208311151 370861
72208311151 390590
72208311151 400161
72208311151 410225
72208311151 430439
72208311151 450083
72208311151 480580
72208311151 500399
72208311151 550236
72208311151 580037
72208311151 580521
72208311151 630820
72208311151 660109
72208311151 660879
72208311151 670694
72208311151 680013
72208311151 760655
72208311151 830609
72208311151 850095
72208311151 880374
72208311151 950335
72208311151 950559
72208311151 970110
72208311151 980446
72208311151 1040182
72208311151 1050412
72208311151 1060172
72208311151 1060450
72208311151 1070034
72208311151 1090241
72208311151 1100500
72208311151 1140381
72208311151 1200248
72208311151 1200323
72208311151 1270240
72208311151 1300795
72208311151 1320687
72208311151 1330655
72208311151 1380128
72208311151 1400582
72208311151 1430020
72208311151 1440405
72208311151 1460852
72208311151 1490445
72208311151 1510575
72208311151 1540776
72208311151 1570098
72208311151 1570495
72208311151 1580298
72208311151 1600587
72208311151 1600753
72208311151 1610393
72208311151 1640829
72208311151 1650724
72208311151 1650797
72208311151 1680437
72208311151 1710000
72208311151 1710181
72208311151 1750434
72208311151 1760582
72208311151 1780691
72208311151 1790102
72208311151 1790327
72208311151 1790800
72208311151 1870449
72208311151 1880503
72208311151 1890606
72208311151 1920825
72208311151 1970637
72208311151 2000450
72208311151 2100794
72208311151 2110345
72208311151 2120195
72208311151 2130862
72208311151 2240022
72208311151 2250474
72208311151 2260332
72208311151 2260705
72208311151 2300664
72208311151 2460813
72208311151 2490056
72208311151 2490326
72208311151 2490419
72208311151 2500053
72208311151 2500349
72208311151 2500416
72208311151 2500499
72208311151 2500524
72208311151 2500730
72208311151 2500781
72208311151 2510096
72208311151 2510199
72208311151 2510387
72208311151 2510411
72208311151 2510652
72208311151 2510731
72208311151 2520056
72208311151 2520136
72208311151 2520250
72208311151 2520407
72208311151 2520422
72208311151 2520432
72208311151 2520488
72208311151 2520767
72208311151 2530059
72208311151 2530371
72208311151 2530454
72208311151 2530599
72208311151 2530653
72208311151 2530795
72208311151 2530807
72208311151 2540171
72208311151 2540291
72208311151 2540296
72208311151 2540436
72208311151 2560180
72208311151 2580220
72208311151 2640089
72208311151 2690202
72208311151 2960451
72208311151 2970526
72208311151 2970610
72208311151 2980343
72208311151 2990880
72208311151 3060465
72208311151 3060674
72208311151 3140167
72208311151 3140271
72208311151 3140277
72208311151 3140303
72208311151 3140315
72208311151 3140364
72208311151 3140380
72208311151 3140387
72208311151 3140444
72208311151 3140475
72208311151 3140572
72208311151 3140595
72208311151 3140734
72208311151 3140828
72208311151 3150068
72208311151 3150104
72208311151 3150146
72208311151 3150198
72208311151 3150345
72208311151 3150388
72208311151 3150742
72208311151 3160007
72208311151 3160121
72208311151 3160196
72208311151 3160457
72208311151 3160783
72208311151 3160816
72208311151 3170115
72208311151 3170382
72208311151 3170384
72208311151 3170641
72208311151 3180041
72208311151 3180053
72208311151 3180181
72208311151 3180231
72208311151 3180383
72208311151 3180435
72208311151 3180449
72208311151 3180453
72208311151 3180589
72208311151 3180661
72208311151 3180681
72208311151 3190026
72208311151 3190199
72208311151 3190370
72208311151 3190430
72208311151 3190463
72208311151 3190470
72208311151 3190760
72208311151 3190883
72208311151 3200149
72208311151 3200528
72208311151 3200608
72208311151 3210142
72208311151 3210211
72208311151 3210431
72208311151 3210586
72208311151 3210855
72208311151 3220120
72208311151 3220251
72208311151 3230087
72208311151 3230093
72208311151 3230231
72208311151 3230346
72208311151 3230366
72208311151 3230453
72208311151 3240038
72208311151 3240614
72208311151 3240746
72208311151 3250086
72208311151 3250643
72208311151 3250684
72208311151 3260173
72208311151 3260451
72208311151 3300772
72208311151 3310393
72208311151 3350167
72208311151 3380261
72208311151 3560833
72208311151 3570387
72208311151 3590004
72208311151 3600715
72208311151 3610457
72208311151 3720734
72208311151 3800431
72208311151 3810178
72208311151 3910866
72208311151 3930461
72208311151 3940646
72208311151 3950343
72208311151 3950465
72208311151 4030753
72210191832 300367
72210191832 440314
72210191832 510885
72210191832 560258
72210191832 770550
72210191832 780234
72210191832 810452
72210191832 830544
72210191832 970312
72210191832 1140010
72210191832 1160520
72210191832 1280326
72210191832 1420275
72210191832 1520180
72210191832 1591030
72210191832 1620330
72210191832 1681294
72210191832 1930098
72210192240 491147
72210192240 1270715
72210192240 2010089
72210192240 2020878
72210192240 2130035
72210192240 2201080
72210192240 2270911
72210192240 2660602
72210192240 2800439
72210192240 2940060
72210192240 3010446
72210192240 3100192
72210192240 3320472
72210192240 3360492
72210192240 3411304
72210192240 3420077
72210192240 3540632
72210192240 3631226
72210192240 3810148
72210192240 3871126
72210192240 4090541
72210192240 4170094
72210192240 4220109
72210192240 4470475
72210192240 4780660
72210192240 5011025
72210192240 5310051
72210200954 210429
72210200954 530796
72210200954 570256
72210200954 1141058
72210200954 1230818
72210200954 1451042
72210200954 1500654
72210200954 1570002
72210200954 1580298
72210200954 1640482
72210200954 1650301
72210200954 1720218
72210200954 1990285
72210200954 1991060
72210200954 2320706
72210200954 2390609
72210200954 2400898
72210200954 2430531
72210200954 3040286
72210200954 3051166
72210200954 3081298
72210200954 3341184
72210200954 3360239
72210200954 3510263
72210200954 3510528
72210200954 3521092
72210200954 3570604
72210200954 3620532
72210200954 3621022
72210200954 3631113
72210200954 3710913
72210200954 3920773
72210200954 3950967
72210200954 4000054
72210200954 4110094
72210200954 4160258
72210200954 4221035
72210200954 4531187
72210200954 4590584
72210200954 4600535
72210200954 4610628
72210200954 4660722
72210200954 4681236
72210200954 4720141
72210200954 4740992
72210200954 5120597
72210200954 5181274
72210200954 5211081
72210200954 5230216
72210200954 5230265
72210200954 5230414
72210251956 251362
72210251956 560297
72210251956 840723
72210251956 1001062
72210251956 1231201
72210251956 2000142
72210251956 2260875
72210251956 2830098
72210251956 3550649
72210251956 4441090
72210251956 6010457
72210251956 6050414
72210251956 6070029
72210261049 940709
72210261049 1140608
72210261049 1410206
72210261049 1430503
72210261049 1570981
72210261049 1720047
72210261049 1770880
72210261049 3100803
72210261049 3670744
72210261049 4110952
72210261049 4630494
72210261049 4980323
72210261049 5050480
72210261049 5931139
72210261049 5970607
72210262224 270620
72210262224 531048
72210262224 690009
72210262224 790442
72210262224 1220214
72210262224 1640682
72210262224 3031222
72210262224 3341202
72210262224 3460606
72210262224 3710234
72210262224 3820171
72210262224 3830971
72210262224 4230463
72210262224 4390465
72210262224 4450879
72210262224 4721402
72210262224 4820894
72210262224 5090015
72210262224 5161263
72210262224 5250334
72210262224 5830793
72210262224 5840081
72210262224 6110963
72210262224 6340874
72210270959 20206
72210270959 60283
72210270959 200515
72210270959 290883
72210270959 330936
72210270959 470266
72210270959 471028
72210270959 590310
72210270959 640832
72210270959 660900
72210270959 850724
72210270959 1040392
72210270959 1071174
72210270959 1280755
72210270959 2220285
72210270959 2220597
72210270959 2230562
72210270959 2250331
72210270959 2480635
72210270959 2820904
72210270959 3241101
72210270959 3291316
72210270959 3390291
72210270959 3400149
72210270959 3490131
72210270959 3521382
