72209162200 70265
72209162200 480783
72209162200 520788
72209162200 650562
72209162200 700360
72209162200 800237
72209162200 910814
72209162200 980261
72209162200 1210786
72209162200 1310635
72209162200 1800073
72209162200 1900345
72209162200 2150473
72209162200 2160604
72209162200 2170412
72209162200 2420431
72209162200 3370549
72209162200 3620727
72209162200 3770547
72209162200 4020509
72209162200 4180820
72209162200 4560816
72209162200 4630024
72209162200 4640014
72209162200 4720577
72209162200 4800673
72209162200 4820846
72209162200 5130786
72209162200 5310738
72209162200 6120239
72209162200 6360347
72209162200 6460822
72209162200 7300932
72209171225 270856
72209171225 440100
72209171225 580179
72209171225 690435
72209171225 790703
72209171225 1970130
72209171225 2050643
72209171225 2100082
72209171225 2820428
72209171225 3030941
72209171225 3100776
72209171225 3150107
72209171225 3900085
72209171225 4480243
72209171225 4560819
72209171225 4690501
72209171225 4690609
72209171225 4710538
72209171225 4740391
72209171225 4900876
72209171225 4950011
72209171225 5040795
72208301829 20549
72208301829 30723
72208301829 40485
72208301829 50293
72208301829 70236
72208301829 90463
72208301829 120441
72208301829 130836
72208301829 140419
72208301829 190234
72208301829 190806
72208301829 210221
72208301829 210570
72208301829 260482
72208301829 270531
72208301829 290488
72208301829 320592
72208301829 350862
72208301829 370001
72208301829 390317
72208301829 400184
72208301829 420688
72208301829 440803
72208301829 470281
72208301829 470283
72208301829 490499
72208301829 500505
72208301829 510423
72208301829 520324
72208301829 540700
72208301829 560647
72208301829 620666
72208301829 620723
72208301829 630274
72208301829 630382
72208301829 670336
72208301829 680419
72208301829 700105
72208301829 730044
72208301829 730678
72208301829 760078
72208301829 780787
72208301829 790228
72208301829 800512
72208301829 870499
72208302118 20412
72208302118 20762
72208302118 30125
72208302118 30768
72208302118 30826
72208302118 40431
72208302118 50130
72208302118 50198
72208302118 70162
72208302118 70561
72208302118 80307
72208302118 100055
72208302118 100299
72208302118 100414
72208302118 110211
72208302118 110283
72208302118 130231
72208302118 130548
72208302118 140472
72208302118 150271
72208302118 170792
72208302118 190581
72208302118 200021
72208302118 210380
72208302118 210784
72208302118 220351
72208302118 220711
72208302118 220726
72208302118 250039
72208302118 250088
72208302118 250340
72208302118 250352
72208302118 250706
72208302118 250785
72208302118 260321
72208302118 280707
72208302118 300254
72208302118 310410
72208302118 310651
72208302118 330256
72208302118 330580
72208302118 330864
72208302118 350852
72208302118 360426
72208302118 360788
72208302118 370284
72208302118 370557
72208302118 390044
72208302118 410662
72208302118 440899
72208302118 450665
72208302118 500844
72208302118 530734
72208302118 540703
72208302118 550497
72208302118 550503
72208302118 560495
72208302118 560551
72208302118 570019
72208302118 570431
72208302118 580104
72208302118 590784
72208302118 600516
72208302118 610096
72208302118 620412
72208302118 620809
72208302118 620814
72208302118 630354
72208302118 640030
72208302118 640651
72208302118 640720
72208302118 650448
72208302118 660662
72208302118 670018
72208302118 670243
72208302118 680396
72208302118 690752
72208302118 710080
72208302118 720361
72208302118 720488
72208302118 730070
72208302118 750093
72208302118 770135
72208302118 770264
72208302118 770659
72208302118 780431
72208302118 790347
72208302118 810296
72208302118 850145
72208302118 850665
72208302118 860549
72208302118 870404
72208302118 870441
72208302118 900382
72208302118 910710
72208302118 910770
72208302118 930065
72208302118 950065
72208302118 950080
72208302118 950134
72208302118 950235
72208302118 970304
72208302118 970373
72208302118 980093
72208302118 980781
72208302118 1020063
72208302118 1040274
72208302118 1040758
72208302118 1050291
72208302118 1050845
72208302118 1070673
72208302118 1080120
72208302118 1080904
72208302118 1090157
72208302118 1090361
72208302118 1100684
72208302118 1110561
72208302118 1120617
72208302118 1120807
72208302118 1120815
72208302118 1130007
72208302118 1130489
72208302118 1140734
72208302118 1160150
72208302118 1170505
72208302118 1180492
72208302118 1180572
72208302118 1190717
72208302118 1190815
72208302118 1200070
72208302118 1200314
72208302118 1220035
72208302118 1220278
72208302118 1230123
72208302118 1240685
72208302118 1260024
72208302118 1260406
72208302118 1260855
72208302118 1270101
72208302118 1270102
72208302118 1280802
72208302118 1310854
72208302118 1320158
72208302118 1340244
72208302118 1350479
72208302118 1390015
72208302118 1410117
72208302118 1420767
72208302118 1430039
72208302118 1430246
72208302118 1440847
72208302118 1450357
72208302118 1480381
72208302118 1480671
72208302118 1480760
72208302118 1500806
72208302118 1500875
72208302118 1520322
72208302118 1550187
72208302118 1550461
72208302118 1550620
72208302118 1570751
72208302118 1580159
72208302118 1580869
72208302118 1590660
72208302118 1600233
72208302118 1610726
72208302118 1630160
72208302118 1630558
72208302118 1660217
72208302118 1660271
72208302118 1670078
72208302118 1670275
72208302118 1680292
72208302118 1710367
72208302118 1710579
72208302118 1720327
72208302118 1740478
72208302118 1760074
72208302118 1780503
72208302118 1780634
72208302118 1790270
72208302118 1790280
72208302118 1790775
72208302118 1800025
72208302118 1810762
72208302118 1850825
72208302118 1860497
72208302118 1860548
72208302118 1870544
72208302118 1910789
72208302118 1910805
72208302118 1930753
72208302118 1940184
72208302118 1980033
72208302118 1980766
72208302118 2000143
72208302118 2030401
72208302118 2030720
72208302118 2040443
72208302118 2040804
72208302118 2050352
72208302118 2050634
72208302118 2050703
72208302118 2060464
72208302118 2070352
72208302118 2080257
72208302118 2080475
72208302118 2120639
72208302118 2160477
72208302118 2160798
72208302118 2190440
72208302118 2200832
72208302118 2220017
72208302118 2230441
72208302118 2240635
72208302118 2240698
72208302118 2260567
72208302118 2260648
72208302118 2280178
72208302118 2280321
72208302118 2310474
72208302118 2320759
72208302118 2330320
72208302118 2340494
72208302118 2350546
72208302118 2350795
72208302118 2360302
72208302118 2360803
72208302118 2370059
72208302118 2400267
72208302118 2420151
72208302118 2420454
72208302118 2430230
72208302118 2440371
72208302118 2450019
72208302118 2460423
72208302118 2480796
72208302118 2500206
72208302118 2500503
72208302118 2520811
72208302118 2540014
72208302118 2540523
72208302118 2550278
72208302118 2550502
72208302118 2560526
72208302118 2570109
72208302118 2570466
72208302118 2580853
72208302118 2590561
72208302118 2610139
72208302118 2620446
72208302118 2640781
72208302118 2670418
72208302118 2670508
72208302118 2680465
72208302118 2680714
72208302118 2690409
72208302118 2690445
72208302118 2690552
72208302118 2690714
72208302118 2710217
72208302118 2710535
72208302118 2720124
72208302118 2730029
72208302118 2730120
72208302118 2770612
72208302118 2770657
72208302118 2770783
72208302118 2790380
72208302118 2790868
72208302118 2800119
72208302118 2800456
72208302118 2810390
72208302118 2820689
72208302118 2840324
72208302118 2850058
72208302118 2850837
72208302118 2860761
72208302118 2870454
72208302118 2880327
72208302118 2900777
72208302118 2920143
72208302118 2920362
72208302118 2960161
72208302118 2960551
72208302118 2960756
72208302118 2970038
72208302118 2970143
72208302118 3000336
72208302118 3000552
72208302118 3050165
72208302118 3050665
72208302118 3070281
72208302118 3070776
72208302118 3080708
72208302118 3100789
72208302118 3120691
72208302118 3140024
72208302118 3140529
72208302118 3150139
72208302118 3150311
72208302118 3160289
72208302118 3190084
72208302118 3190576
72208302118 3230685
72208302118 3250496
72208302118 3320290
72208302118 3320784
72208302118 3330034
72208302118 3330225
72208302118 3330456
72208302118 3330670
72208302118 3330770
72208302118 3360639
72208302118 3400443
72208302118 3420080
72208302118 3420376
72208302118 3440015
72208302118 3450344
72208302118 3450755
72208302118 3460425
72208302118 3460870
72208302118 3480601
72208302118 3490266
72208302118 3510181
72208302118 3510612
72208302118 3510720
72208302118 3520300
72208302118 3530234
72208302118 3530354
72208302118 3530719
72208302118 3540615
72208302118 3540814
72208302118 3600188
72208302118 3610298
72208302118 3610811
72208302118 3620841
72208302118 3640007
72208302118 3640453
72208302118 3660328
72208302118 3690214
72208302118 3690466
72208302118 3700293
72208302118 3700791
72208302118 3710166
72208302118 3720818
72208302118 3730512
72208302118 3730589
72208302118 3730858
72208302118 3750476
72208302118 3760225
72208302118 3760532
72208302118 3760667
72208302118 3770345
72208302118 3770521
72208302118 3770592
72208302118 3770727
72208302118 3780355
72208302118 3790496
72208302118 3790560
72208302118 3810388
72208302118 3820210
72208302118 3830258
72208302118 3830344
72208302118 3830561
72208302118 3840292
72208302118 3840508
72208302118 3850077
72208302118 3870002
72208302118 3870400
72208302118 3880280
72208302118 3890134
72208302118 3900584
72208302118 3910646
72208302118 3920177
72208302118 3920435
72208302118 3930309
72208302118 3950526
72208302118 3990368
72208302118 4010155
72208302118 4010423
72208302118 4020363
72208302118 4040066
72208302118 4040504
72208302118 4060622
72208302118 4060743
72208302118 4070234
72208302118 4090773
72208302118 4100468
72208302118 4100484
72208302118 4120252
72208302118 4120747
72208302118 4160564
72208302118 4160670
72208302118 4170756
72208302118 4200022
72208302118 4230095
72208302118 4230264
72208302118 4270432
72208302118 4270437
72208302118 4280168
72208302118 4340082
72208302118 4340083
72208302118 4340847
72208302118 4350267
72208302118 4350861
72208302118 4360541
72208302118 4370548
72208302118 4380066
72208302118 4380639
72208302118 4380642
72208302118 4390526
72208302118 4410054
72208302118 4410305
72208302118 4430108
72208302118 4430452
72208302118 4430537
72208302118 4440536
72208302118 4450473
72208302118 4460227
72208302118 4460233
72208302118 4500090
72208302118 4510415
72208302118 4520577
72208302118 4530206
72208302118 4540405
72208302118 4570719
72208302118 4610169
72208302118 4610873
72208302118 4650267
72208302118 4690145
72208302118 4690281
72208302118 4690582
72208302118 4690590
72208302118 4700043
72208302118 4700224
72208302118 4710391
72208302118 4710443
72208302118 4720220
72208302118 4740041
72208302118 4750377
72208302118 4750625
72208302118 4760199
72208302118 4760376
72208302118 4760829
72208302118 4770771
72208302118 4790165
72208302118 4800359
72208302118 4800387
72208302118 4830401
72208302118 4850141
72208302118 4860007
72208302118 4860399
72208302118 4880688
72208302118 4890465
72208302118 4900366
72208302118 4910892
72208302118 4920149
72208302118 4930380
72208302118 4930422
72208302118 4940039
72208302118 4940889
72208302118 4950259
72208302118 4950520
72208302118 4950632
72208302118 4960479
72208302118 4990077
72208302118 5000279
72208302118 5000477
72208302118 5030660
72208302118 5030771
72208302118 5040744
72208302118 5040749
72208302118 5040836
72208302118 5050649
72208302118 5060880
72208302118 5070180
72208302118 5070556
72208302118 5090536
72208302118 5090623
72208302118 5100187
72208302118 5110619
72208302118 5130510
72208302118 5150837
72208302118 5160072
72208302118 5160475
72208302118 5190831
72208302118 5220702
72208302118 5230299
72208302118 5250040
72208302118 5270095
72208302118 5270659
72208302118 5280167
72208302118 5290758
72208302118 5300833
72208302118 5310742
72208302118 5320205
72208302118 5320562
72208302118 5330066
72208302118 5340718
72208302118 5350239
72208302118 5350716
72208302118 5390029
72208302118 5390659
72208302118 5410423
72208302118 5410674
72208302118 5430229
72208302118 5430599
72208302118 5440381
72208302118 5460742
72208302118 5460765
72208302118 5480342
72208302118 5480727
72208302118 5490584
72208302118 5550256
72208302118 5570100
72208302118 5570200
72208302118 5580482
72208302118 5590810
72208302118 5600544
72208302118 5620200
72208302118 5640665
72208302118 5650034
72208302118 5650168
72208302118 5650442
72208302118 5650638
72208302118 5680810
72208302118 5690089
72208302118 5700696
72208302118 5720302
72208302118 5730285
72208302118 5740302
72208302118 5740537
72208302118 5740716
72208302118 5750045
72208302118 5750615
72208302118 5760564
72208302118 5790019
72208302118 5790320
72208302118 5840006
72208302118 5840690
72208302118 5840696
72208302118 5850145
72208302118 5870414
72208302118 5880118
72208302118 5880522
72208302118 5880545
72208302118 5890380
72208302118 5900509
72208302118 5910105
72208302118 5910204
72208302118 5920185
72208302118 5930443
72208302118 5940082
72208302118 5940898
72208302118 5950247
72208302118 5960011
72208302118 5960403
72208302118 5970566
72208302118 6000587
72208302118 6010539
72208302118 6010593
72208302118 6020587
72208302118 6040333
72208302118 6050036
72208302118 6050457
72208302118 6060041
72208302118 6070589
72208302118 6070654
72208302118 6080109
72208302118 6080273
72208302118 6090272
72208302118 6090342
72208302118 6100582
72208302118 6120073
72208302118 6170229
72208302118 6190098
72208302118 6190880
72208302118 6230762
72208302118 6280696
72208302118 6290628
72208302118 6290700
72208302118 6300605
72208302118 6300690
72208302118 6310287
72208302118 6310648
72208302118 6320596
72208302118 6340224
72208302118 6350202
72208302118 6350440
72208302118 6350570
72208302118 6360485
72208302118 6360503
72208302118 6370737
72208302118 6390080
72208302118 6390098
72208302118 6390570
72208302118 6400728
72208302118 6430372
72208302118 6440845
72208302118 6450124
72208302118 6460691
72208302118 6470089
72208302118 6480218
72208302118 6480273
72208302118 6490443
72208302118 6520172
72208302118 6520427
72208302118 6520454
72208302118 6530273
72208302118 6540404
72208302118 6560179
72208302118 6560845
72208302118 6570082
72208302118 6600092
72208302118 6600194
72208302118 6600332
72208302118 6620253
72208302118 6630148
72208302118 6630201
72208302118 6650687
72208302118 6660014
72208302118 6680143
72208302118 6680233
72208302118 6690337
72208302118 6700089
72208302118 6720746
72208302118 6730706
72208302118 6740123
72208302118 6750813
72208302118 6770617
72208302118 6800803
72208302118 6820627
72208302118 6820834
72208302118 6830365
72208302118 6850305
72208302118 6850740
72208302118 6870597
72208302118 6880562
72208302118 6890591
72208302118 6900624
72208302118 6910631
72208302118 6920433
72208302118 6920808
72208302118 6930417
72208302118 6950670
72208302118 6950803
72208302118 6960169
72208302118 6960637
72208302118 6970533
72208302118 6980044
72208311151 11136
72208311151 20511
72208311151 60182
72208311151 60299
72208311151 90576
72208311151 100766
72208311151 110198
72208311151 140454
72208311151 190578
72208311151 200573
72208311151 210579
72208311151 260896
72208311151 270295
72208311151 270323
72208311151 290056
72208311151 300362
72208311151 320594
72208311151 320720
72208311151 340261
72208311151 360703
72208311151 370399
72208311151 400773
72208311151 410375
72208311151 440464
72208311151 450269
72208311151 450532
72208311151 460103
72208311151 470099
72208311151 500037
72208311151 510658
72208311151 520713
72208311151 530436
72208311151 540629
72208311151 570013
72208311151 630567
72208311151 650101
72208311151 650486
72208311151 660683
72208311151 690463
72208311151 690501
72208311151 730429
72208311151 740228
72208311151 750567
72208311151 770688
72208311151 780627
72208311151 810633
72208311151 820292
72208311151 830542
72208311151 860824
72208311151 870042
72208311151 880133
72208311151 890076
72208311151 900454
72208311151 920561
72208311151 960195
72208311151 980468
72208311151 1030336
72208311151 1030599
72208311151 1040581
72208311151 1070236
72208311151 1090652
72208311151 1100245
72208311151 1160336
72208311151 1180155
72208311151 1180870
72208311151 1190530
72208311151 1220244
72208311151 1230155
72208311151 1280151
72208311151 1290306
72208311151 1290307
72208311151 1330334
72208311151 1330868
72208311151 1340119
72208311151 1340583
72208311151 1350237
72208311151 1350495
72208311151 1350540
72208311151 1360710
72208311151 1370888
72208311151 1400312
72208311151 1410010
72208311151 1410113
72208311151 1410803
72208311151 1460156
72208311151 1460592
72208311151 1480689
72208311151 1530200
72208311151 1550237
72208311151 1570004
72208311151 1590620
72208311151 1600606
72208311151 1600669
72208311151 1600773
72208311151 1600884
72208311151 1690055
72208311151 1730509
72208311151 1760517
72208311151 1770097
72208311151 1770428
72208311151 1790147
72208311151 1800640
72208311151 1810004
72208311151 1810910
72208311151 1860407
72208311151 1870849
72208311151 1920037
72208311151 1920735
72208311151 1980689
72208311151 2000142
72208311151 2000297
72208311151 2000380
72208311151 2010332
72208311151 2010337
72208311151 2020397
72208311151 2040591
72208311151 2070192
72208311151 2080376
72208311151 2080702
72208311151 2120718
72208311151 2150392
72208311151 2160491
72208311151 2160758
72208311151 2160836
72208311151 2170514
72208311151 2180235
72208311151 2180462
72208311151 2180774
72208311151 2190006
72208311151 2190239
72208311151 2210458
72208311151 2210693
72208311151 2210699
72208311151 2210821
72208311151 2220346
72208311151 2240703
72208311151 2250549
72208311151 2250772
72208311151 2260645
72208311151 2260796
72208311151 2270507
72208311151 2270716
72208311151 2280393
72208311151 2280457
72208311151 2280811
72208311151 2290042
72208311151 2290081
72208311151 2290392
72208311151 2290546
72208311151 2300517
72208311151 2310524
72208311151 2320569
72208311151 2340501
72208311151 2350363
72208311151 2370839
72208311151 2370854
72208311151 2380023
72208311151 2380570
72208311151 2390028
72208311151 2390045
72208311151 2390282
72208311151 2390790
72208311151 2400089
72208311151 2420069
72208311151 2420839
72208311151 2430117
72208311151 2450311
72208311151 2450779
72208311151 2460129
72208311151 2460674
72208311151 2470319
72208311151 2480302
72208311151 2490019
72208311151 2540574
72208311151 2550880
72208311151 2570692
72208311151 2600168
72208311151 2670474
72208311151 2670475
72208311151 2680378
72208311151 2720470
72208311151 2720524
72208311151 2730668
72208311151 2740107
72208311151 2740692
72208311151 2760503
72208311151 2770336
72208311151 2770753
72208311151 2800542
72208311151 2830476
72208311151 2830589
72208311151 2840583
72208311151 2860618
72208311151 2870075
72208311151 2900587
72208311151 2910145
72208311151 2910467
72208311151 2920143
72208311151 3040393
72208311151 3040854
72208311151 3150304
72208311151 3150584
72208311151 3150825
72208311151 3160437
72208311151 3170091
72208311151 3170144
72208311151 3180020
72208311151 3180024
72208311151 3180564
72208311151 3180579
72208311151 3180695
72208311151 3180714
72208311151 3190007
72208311151 3190315
72208311151 3190401
72208311151 3190570
72208311151 3190806
72208311151 3190812
72208311151 3200810
72208311151 3210864
72208311151 3220070
72208311151 3230010
72208311151 3250479
72208311151 3250532
72208311151 3260683
72208311151 3290203
72208311151 3590332
72208311151 3670214
72208311151 3720188
72208311151 3730606
72208311151 3760800
72208311151 3800245
72208311151 3840315
72208311151 3850040
72208311151 3870647
72208311151 3880144
72208311151 3880853
72208311151 3890531
72208311151 3900410
72208311151 3910120
72208311151 3920273
72208311151 3970143
72208311151 3990175
72208311151 4020295
72208311151 4040541
72208311151 4070727
72210191832 40038
72210191832 411029
72210191832 431113
72210191832 440330
72210191832 501199
72210191832 510954
72210191832 571325
72210191832 751034
72210191832 751334
72210191832 760376
72210191832 830072
72210191832 1160560
72210191832 1570875
72210191832 1611179
72210191832 1770508
72210191832 1820816
72210191832 1940876
72210192240 161276
72210192240 460234
72210192240 620146
72210192240 630417
72210192240 650173
72210192240 751074
72210192240 1050024
72210192240 1150538
72210192240 1361322
72210192240 1580872
72210192240 1610143
72210192240 1700449
72210192240 1741285
72210192240 1970367
72210192240 1970906
72210192240 2000532
72210192240 2110387
72210192240 2210878
72210192240 2240485
72210192240 2400069
72210192240 2431152
72210192240 2680394
72210192240 2860474
72210192240 2891405
72210192240 2940878
72210192240 2960443
72210192240 3070697
72210192240 3120378
72210192240 3230510
72210192240 3280204
72210192240 3281188
72210192240 3350800
72210192240 3370586
72210192240 3431214
72210192240 3560466
72210192240 3640428
72210192240 3640833
72210192240 3890526
72210192240 3960057
72210192240 4610580
72210192240 4661133
72210200954 720923
72210200954 810750
72210200954 1050097
72210200954 1940070
72210200954 1940165
72210200954 2080439
72210200954 2131129
72210200954 2140053
72210200954 2200405
72210200954 2200838
72210200954 2250436
72210200954 2250989
72210200954 2260857
72210200954 2280502
72210200954 2480260
72210200954 2481038
72210200954 4370428
72210251956 150330
72210251956 210184
72210251956 361166
72210251956 390849
72210251956 710239
72210251956 880922
72210251956 950436
72210251956 1251079
72210251956 1480699
72210251956 2110191
72210251956 4120359
72210251956 4780336
72210251956 5100356
72210251956 5330569
72210251956 6190341
72210261049 720349
72210261049 741113
72210261049 980039
72210261049 1060478
72210261049 1320305
72210261049 1390737
72210261049 1430341
72210261049 1441273
72210261049 1480577
72210261049 1621162
72210261049 1710033
72210261049 1721260
72210261049 1771321
72210261049 1780563
72210261049 1930220
72210261049 2040175
72210261049 2280784
72210261049 2511038
72210262224 330550
72210262224 370881
72210262224 510440
72210262224 2771343
72210262224 2830691
72210270959 231284
72210270959 490923
72210270959 1790169
72210270959 1790455
72210270959 1791306
72210270959 1930476
72210270959 1961298
72210270959 1990869
72210270959 2241161
72210270959 2620517
72210270959 3180026
72210270959 3501309
72210270959 3530177
