72209162200 3690436
72209162200 4110008
72209162200 5540101
72209162200 5960833
72209171225 2870212
72209171225 2920568
72209171225 4450228
72209171225 4680336
72209172155 630735
72208301829 600808
72208302118 60055
72208302118 230034
72208302118 2620386
72208302118 2700821
72208302118 4280153
72208302118 5170116
72208302118 5420856
72208311151 3670143
72208311151 3720348
72208311151 3730631
72208311151 3740829
72210192240 1301001
72210192240 2060066
72210192240 3700639
72210251956 4130203
72210261049 10204
72210262224 1021241
72210262224 1060563
72210262224 2210217
72210262224 3100563
