72209162200 70265
72209162200 430871
72209162200 440254
72209162200 480783
72209162200 490759
72209162200 520788
72209162200 590105
72209162200 600805
72209162200 650562
72209162200 700360
72209162200 800237
72209162200 910814
72209162200 970769
72209162200 980261
72209162200 990193
72209162200 1200805
72209162200 1210786
72209162200 1310635
72209162200 1800073
72209162200 1900344
72209162200 1900345
72209162200 1920692
72209162200 1980555
72209162200 2150473
72209162200 2160604
72209162200 2170412
72209162200 2180444
72209162200 2190267
72209162200 2420431
72209162200 2640676
72209162200 2670383
72209162200 2800736
72209162200 2950527
72209162200 3320285
72209162200 3370549
72209162200 3470461
72209162200 3620727
72209162200 3690144
72209162200 3770547
72209162200 3900757
72209162200 3930882
72209162200 4020509
72209162200 4180820
72209162200 4200210
72209162200 4460665
72209162200 4560816
72209162200 4630024
72209162200 4640014
72209162200 4640717
72209162200 4720577
72209162200 4770390
72209162200 4800673
72209162200 4820846
72209162200 5080639
72209162200 5130786
72209162200 5180576
72209162200 5310198
72209162200 5310738
72209162200 5510341
72209162200 5900717
72209162200 6120239
72209162200 6360347
72209162200 6460822
72209162200 6570854
72209162200 7300932
72209171225 50681
72209171225 110326
72209171225 270856
72209171225 330267
72209171225 360421
72209171225 440100
72209171225 580179
72209171225 690435
72209171225 790703
72209171225 840734
72209171225 1500320
72209171225 1820151
72209171225 1970130
72209171225 1970453
72209171225 2040160
72209171225 2050643
72209171225 2100082
72209171225 2110019
72209171225 2280315
72209171225 2370933
72209171225 2530392
72209171225 2820428
72209171225 2920809
72209171225 2970574
72209171225 3030941
72209171225 3050835
72209171225 3100776
72209171225 3150107
72209171225 3240861
72209171225 3480255
72209171225 3580726
72209171225 3900085
72209171225 3920201
72209171225 4070216
72209171225 4320776
72209171225 4410323
72209171225 4480243
72209171225 4530720
72209171225 4540613
72209171225 4560819
72209171225 4690501
72209171225 4690609
72209171225 4710538
72209171225 4740391
72209171225 4900876
72209171225 4950011
72209171225 4950597
72209171225 4970521
72209171225 4980218
72209171225 5040795
72209171225 5080366
72209171225 5100145
72209171225 5100880
72209171225 5270522
72209172155 610400
72209172155 680100
72209172155 730469
72209172155 810149
72209172155 1220647
72209172155 1520104
72209172155 1730021
72208301829 20549
72208301829 20836
72208301829 30600
72208301829 30723
72208301829 40485
72208301829 50284
72208301829 50293
72208301829 60525
72208301829 70236
72208301829 80488
72208301829 80600
72208301829 90463
72208301829 90593
72208301829 110095
72208301829 120123
72208301829 120127
72208301829 120441
72208301829 130836
72208301829 140406
72208301829 140419
72208301829 150184
72208301829 170624
72208301829 190234
72208301829 190806
72208301829 200106
72208301829 210221
72208301829 210570
72208301829 240195
72208301829 250584
72208301829 260482
72208301829 270178
72208301829 270531
72208301829 270893
72208301829 290488
72208301829 320592
72208301829 340289
72208301829 350411
72208301829 350862
72208301829 360138
72208301829 370001
72208301829 390317
72208301829 400184
72208301829 400707
72208301829 420688
72208301829 440803
72208301829 450215
72208301829 460069
72208301829 470281
72208301829 470283
72208301829 490499
72208301829 500476
72208301829 500505
72208301829 510406
72208301829 510423
72208301829 510736
72208301829 520324
72208301829 520655
72208301829 530623
72208301829 540700
72208301829 550058
72208301829 550152
72208301829 560647
72208301829 570330
72208301829 590643
72208301829 590852
72208301829 600395
72208301829 610538
72208301829 610672
72208301829 620666
72208301829 620687
72208301829 620723
72208301829 630274
72208301829 630382
72208301829 630567
72208301829 650567
72208301829 660854
72208301829 670336
72208301829 670797
72208301829 680419
72208301829 690320
72208301829 690496
72208301829 700105
72208301829 720563
72208301829 720660
72208301829 730044
72208301829 730678
72208301829 760078
72208301829 760374
72208301829 760402
72208301829 760466
72208301829 780639
72208301829 780787
72208301829 780800
72208301829 790228
72208301829 800512
72208301829 820378
72208301829 830362
72208301829 850699
72208301829 870499
72208302118 20412
72208302118 20762
72208302118 30125
72208302118 30768
72208302118 30826
72208302118 40431
72208302118 50130
72208302118 50198
72208302118 70162
72208302118 70193
72208302118 70561
72208302118 80307
72208302118 100055
72208302118 100299
72208302118 100414
72208302118 110211
72208302118 110283
72208302118 130231
72208302118 130548
72208302118 140472
72208302118 150271
72208302118 170792
72208302118 190581
72208302118 200021
72208302118 210380
72208302118 210784
72208302118 220351
72208302118 220711
72208302118 220726
72208302118 250039
72208302118 250088
72208302118 250340
72208302118 250352
72208302118 250706
72208302118 250785
72208302118 260321
72208302118 280707
72208302118 300254
72208302118 310410
72208302118 310651
72208302118 330256
72208302118 330580
72208302118 330864
72208302118 340676
72208302118 350677
72208302118 350852
72208302118 360426
72208302118 360788
72208302118 370284
72208302118 370557
72208302118 390044
72208302118 410662
72208302118 430224
72208302118 440899
72208302118 450645
72208302118 450665
72208302118 460099
72208302118 460178
72208302118 500844
72208302118 530225
72208302118 530734
72208302118 540703
72208302118 550497
72208302118 550503
72208302118 560495
72208302118 560551
72208302118 570019
72208302118 570431
72208302118 580104
72208302118 580456
72208302118 580726
72208302118 590784
72208302118 600516
72208302118 610096
72208302118 620412
72208302118 620809
72208302118 620814
72208302118 630354
72208302118 640030
72208302118 640651
72208302118 640720
72208302118 650448
72208302118 660662
72208302118 670018
72208302118 670243
72208302118 680396
72208302118 690752
72208302118 710080
72208302118 720361
72208302118 720488
72208302118 730070
72208302118 750093
72208302118 770135
72208302118 770264
72208302118 770659
72208302118 780021
72208302118 780430
72208302118 780431
72208302118 790347
72208302118 790456
72208302118 810296
72208302118 810486
72208302118 830544
72208302118 840426
72208302118 850145
72208302118 850665
72208302118 850695
72208302118 860549
72208302118 870404
72208302118 870441
72208302118 900382
72208302118 900389
72208302118 910710
72208302118 910770
72208302118 920658
72208302118 930065
72208302118 930332
72208302118 940094
72208302118 950065
72208302118 950080
72208302118 950134
72208302118 950235
72208302118 970304
72208302118 970373
72208302118 980093
72208302118 980781
72208302118 1020063
72208302118 1040274
72208302118 1040758
72208302118 1050291
72208302118 1050845
72208302118 1070673
72208302118 1080120
72208302118 1080904
72208302118 1090157
72208302118 1090361
72208302118 1100684
72208302118 1110129
72208302118 1110561
72208302118 1120617
72208302118 1120790
72208302118 1120807
72208302118 1120815
72208302118 1130007
72208302118 1130489
72208302118 1130693
72208302118 1140734
72208302118 1160150
72208302118 1170100
72208302118 1170505
72208302118 1180492
72208302118 1180572
72208302118 1190717
72208302118 1190815
72208302118 1200070
72208302118 1200314
72208302118 1220035
72208302118 1220278
72208302118 1220460
72208302118 1230123
72208302118 1240685
72208302118 1260024
72208302118 1260406
72208302118 1260855
72208302118 1270101
72208302118 1270102
72208302118 1280802
72208302118 1310854
72208302118 1320158
72208302118 1340244
72208302118 1340527
72208302118 1350479
72208302118 1370824
72208302118 1390015
72208302118 1410117
72208302118 1420767
72208302118 1430039
72208302118 1430246
72208302118 1440847
72208302118 1450357
72208302118 1480056
72208302118 1480381
72208302118 1480671
72208302118 1480760
72208302118 1500806
72208302118 1500875
72208302118 1520322
72208302118 1540577
72208302118 1550187
72208302118 1550461
72208302118 1550620
72208302118 1570751
72208302118 1580159
72208302118 1580869
72208302118 1590660
72208302118 1600233
72208302118 1610726
72208302118 1630160
72208302118 1630558
72208302118 1640199
72208302118 1660076
72208302118 1660217
72208302118 1660271
72208302118 1670078
72208302118 1670275
72208302118 1680292
72208302118 1680603
72208302118 1700631
72208302118 1710322
72208302118 1710367
72208302118 1710579
72208302118 1720327
72208302118 1720721
72208302118 1740379
72208302118 1740478
72208302118 1750264
72208302118 1760074
72208302118 1780503
72208302118 1780634
72208302118 1790270
72208302118 1790280
72208302118 1790775
72208302118 1800025
72208302118 1800398
72208302118 1810762
72208302118 1820155
72208302118 1850825
72208302118 1860497
72208302118 1860548
72208302118 1870544
72208302118 1890170
72208302118 1890885
72208302118 1910789
72208302118 1910805
72208302118 1930342
72208302118 1930753
72208302118 1940184
72208302118 1980033
72208302118 1980766
72208302118 2000143
72208302118 2030401
72208302118 2030720
72208302118 2030832
72208302118 2040443
72208302118 2040804
72208302118 2050193
72208302118 2050352
72208302118 2050634
72208302118 2050703
72208302118 2060464
72208302118 2070352
72208302118 2080257
72208302118 2080475
72208302118 2120639
72208302118 2160477
72208302118 2160798
72208302118 2190440
72208302118 2200832
72208302118 2220017
72208302118 2230441
72208302118 2240635
72208302118 2240698
72208302118 2260567
72208302118 2260648
72208302118 2280178
72208302118 2280321
72208302118 2310474
72208302118 2320759
72208302118 2330320
72208302118 2340494
72208302118 2350546
72208302118 2350795
72208302118 2360302
72208302118 2360803
72208302118 2370059
72208302118 2400267
72208302118 2400864
72208302118 2420035
72208302118 2420151
72208302118 2420454
72208302118 2430230
72208302118 2440371
72208302118 2450019
72208302118 2450231
72208302118 2460423
72208302118 2480796
72208302118 2500206
72208302118 2500503
72208302118 2520138
72208302118 2520811
72208302118 2520826
72208302118 2540014
72208302118 2540256
72208302118 2540523
72208302118 2550278
72208302118 2550502
72208302118 2560339
72208302118 2560526
72208302118 2570109
72208302118 2570247
72208302118 2570466
72208302118 2580853
72208302118 2590561
72208302118 2610139
72208302118 2620446
72208302118 2640090
72208302118 2640781
72208302118 2650159
72208302118 2670238
72208302118 2670418
72208302118 2670508
72208302118 2680048
72208302118 2680465
72208302118 2680714
72208302118 2690376
72208302118 2690409
72208302118 2690445
72208302118 2690552
72208302118 2690714
72208302118 2710217
72208302118 2710535
72208302118 2720124
72208302118 2720791
72208302118 2730029
72208302118 2730120
72208302118 2770612
72208302118 2770657
72208302118 2770783
72208302118 2780161
72208302118 2780407
72208302118 2790380
72208302118 2790868
72208302118 2790893
72208302118 2800119
72208302118 2800456
72208302118 2810390
72208302118 2820689
72208302118 2840324
72208302118 2850058
72208302118 2850837
72208302118 2860761
72208302118 2870454
72208302118 2880327
72208302118 2890851
72208302118 2900777
72208302118 2920143
72208302118 2920362
72208302118 2960045
72208302118 2960161
72208302118 2960551
72208302118 2960756
72208302118 2970038
72208302118 2970143
72208302118 3000336
72208302118 3000552
72208302118 3050165
72208302118 3050665
72208302118 3060564
72208302118 3070281
72208302118 3070776
72208302118 3080708
72208302118 3100779
72208302118 3100789
72208302118 3120364
72208302118 3120445
72208302118 3120691
72208302118 3140024
72208302118 3140529
72208302118 3150139
72208302118 3150311
72208302118 3160289
72208302118 3180558
72208302118 3190084
72208302118 3190576
72208302118 3200119
72208302118 3200357
72208302118 3200660
72208302118 3210470
72208302118 3230685
72208302118 3250496
72208302118 3260005
72208302118 3270037
72208302118 3270228
72208302118 3270718
72208302118 3280693
72208302118 3300604
72208302118 3320290
72208302118 3320784
72208302118 3330034
72208302118 3330225
72208302118 3330456
72208302118 3330670
72208302118 3330770
72208302118 3340272
72208302118 3360639
72208302118 3360712
72208302118 3400443
72208302118 3400635
72208302118 3420080
72208302118 3420376
72208302118 3420440
72208302118 3440015
72208302118 3450290
72208302118 3450344
72208302118 3450468
72208302118 3450755
72208302118 3460425
72208302118 3460870
72208302118 3480601
72208302118 3490266
72208302118 3510181
72208302118 3510612
72208302118 3510720
72208302118 3520300
72208302118 3530234
72208302118 3530354
72208302118 3530719
72208302118 3540615
72208302118 3540814
72208302118 3570705
72208302118 3580497
72208302118 3600141
72208302118 3600188
72208302118 3610298
72208302118 3610811
72208302118 3620841
72208302118 3640007
72208302118 3640453
72208302118 3660328
72208302118 3660884
72208302118 3680430
72208302118 3690214
72208302118 3690466
72208302118 3700293
72208302118 3700297
72208302118 3700791
72208302118 3710166
72208302118 3720818
72208302118 3730512
72208302118 3730589
72208302118 3730858
72208302118 3750476
72208302118 3760225
72208302118 3760532
72208302118 3760667
72208302118 3770345
72208302118 3770521
72208302118 3770592
72208302118 3770727
72208302118 3780355
72208302118 3790496
72208302118 3790560
72208302118 3800520
72208302118 3810388
72208302118 3820210
72208302118 3830258
72208302118 3830344
72208302118 3830561
72208302118 3840292
72208302118 3840508
72208302118 3850077
72208302118 3870002
72208302118 3870400
72208302118 3880280
72208302118 3890134
72208302118 3900584
72208302118 3900747
72208302118 3910217
72208302118 3910646
72208302118 3920177
72208302118 3920435
72208302118 3930309
72208302118 3930497
72208302118 3950526
72208302118 3950868
72208302118 3990335
72208302118 3990368
72208302118 4010155
72208302118 4010423
72208302118 4010638
72208302118 4020363
72208302118 4040066
72208302118 4040504
72208302118 4060061
72208302118 4060622
72208302118 4060743
72208302118 4070234
72208302118 4090450
72208302118 4090773
72208302118 4100237
72208302118 4100468
72208302118 4100484
72208302118 4120252
72208302118 4120747
72208302118 4160564
72208302118 4160670
72208302118 4170244
72208302118 4170756
72208302118 4200022
72208302118 4210439
72208302118 4230095
72208302118 4230264
72208302118 4240150
72208302118 4240441
72208302118 4240858
72208302118 4270189
72208302118 4270432
72208302118 4270437
72208302118 4280168
72208302118 4310580
72208302118 4340082
72208302118 4340083
72208302118 4340847
72208302118 4350267
72208302118 4350861
72208302118 4360541
72208302118 4370548
72208302118 4380066
72208302118 4380639
72208302118 4380642
72208302118 4380716
72208302118 4390526
72208302118 4390724
72208302118 4410054
72208302118 4410092
72208302118 4410144
72208302118 4410305
72208302118 4420663
72208302118 4430108
72208302118 4430452
72208302118 4430537
72208302118 4440536
72208302118 4450473
72208302118 4450735
72208302118 4460227
72208302118 4460233
72208302118 4480366
72208302118 4500090
72208302118 4500437
72208302118 4510415
72208302118 4520577
72208302118 4530206
72208302118 4540405
72208302118 4550099
72208302118 4560397
72208302118 4570107
72208302118 4570719
72208302118 4610169
72208302118 4610873
72208302118 4650267
72208302118 4690145
72208302118 4690281
72208302118 4690582
72208302118 4690590
72208302118 4700043
72208302118 4700224
72208302118 4710027
72208302118 4710391
72208302118 4710443
72208302118 4720220
72208302118 4740041
72208302118 4750377
72208302118 4750625
72208302118 4760199
72208302118 4760376
72208302118 4760829
72208302118 4770771
72208302118 4790165
72208302118 4800359
72208302118 4800387
72208302118 4830401
72208302118 4850141
72208302118 4860007
72208302118 4860399
72208302118 4880375
72208302118 4880688
72208302118 4880735
72208302118 4890465
72208302118 4890685
72208302118 4900366
72208302118 4900380
72208302118 4910892
72208302118 4920149
72208302118 4930330
72208302118 4930380
72208302118 4930422
72208302118 4940039
72208302118 4940889
72208302118 4950259
72208302118 4950520
72208302118 4950632
72208302118 4950867
72208302118 4960479
72208302118 4960823
72208302118 4970244
72208302118 4980580
72208302118 4990077
72208302118 5000279
72208302118 5000477
72208302118 5020188
72208302118 5030660
72208302118 5030771
72208302118 5040744
72208302118 5040749
72208302118 5040836
72208302118 5050649
72208302118 5060880
72208302118 5070180
72208302118 5070556
72208302118 5090536
72208302118 5090623
72208302118 5100187
72208302118 5110510
72208302118 5110619
72208302118 5130510
72208302118 5150837
72208302118 5160072
72208302118 5160475
72208302118 5190572
72208302118 5190831
72208302118 5220702
72208302118 5230299
72208302118 5250040
72208302118 5270095
72208302118 5270659
72208302118 5280167
72208302118 5290127
72208302118 5290758
72208302118 5300833
72208302118 5310621
72208302118 5310742
72208302118 5320205
72208302118 5320562
72208302118 5330066
72208302118 5330373
72208302118 5330454
72208302118 5330849
72208302118 5340718
72208302118 5350239
72208302118 5350716
72208302118 5360166
72208302118 5390029
72208302118 5390395
72208302118 5390659
72208302118 5410266
72208302118 5410423
72208302118 5410674
72208302118 5420562
72208302118 5420745
72208302118 5430229
72208302118 5430599
72208302118 5440365
72208302118 5440381
72208302118 5460742
72208302118 5460765
72208302118 5480342
72208302118 5480727
72208302118 5490584
72208302118 5510253
72208302118 5530209
72208302118 5550256
72208302118 5570100
72208302118 5570200
72208302118 5580482
72208302118 5580569
72208302118 5590810
72208302118 5600544
72208302118 5620200
72208302118 5640008
72208302118 5640484
72208302118 5640665
72208302118 5650034
72208302118 5650168
72208302118 5650442
72208302118 5650638
72208302118 5680810
72208302118 5690089
72208302118 5700696
72208302118 5710672
72208302118 5720302
72208302118 5730285
72208302118 5740302
72208302118 5740537
72208302118 5740716
72208302118 5750045
72208302118 5750615
72208302118 5760564
72208302118 5770004
72208302118 5790019
72208302118 5790320
72208302118 5840006
72208302118 5840690
72208302118 5840696
72208302118 5850145
72208302118 5870414
72208302118 5880118
72208302118 5880522
72208302118 5880545
72208302118 5890380
72208302118 5900509
72208302118 5900564
72208302118 5910105
72208302118 5910204
72208302118 5920185
72208302118 5930443
72208302118 5940082
72208302118 5940898
72208302118 5950247
72208302118 5960011
72208302118 5960403
72208302118 5970566
72208302118 5980328
72208302118 6000587
72208302118 6010539
72208302118 6010593
72208302118 6020421
72208302118 6020587
72208302118 6030396
72208302118 6040333
72208302118 6050036
72208302118 6050457
72208302118 6050591
72208302118 6060041
72208302118 6070589
72208302118 6070654
72208302118 6080109
72208302118 6080273
72208302118 6090272
72208302118 6090342
72208302118 6100582
72208302118 6110497
72208302118 6120073
72208302118 6170229
72208302118 6190098
72208302118 6190880
72208302118 6210315
72208302118 6230762
72208302118 6250146
72208302118 6280605
72208302118 6280696
72208302118 6290628
72208302118 6290700
72208302118 6300605
72208302118 6300690
72208302118 6310287
72208302118 6310648
72208302118 6310789
72208302118 6320596
72208302118 6330386
72208302118 6340224
72208302118 6350202
72208302118 6350440
72208302118 6350570
72208302118 6360485
72208302118 6360503
72208302118 6370470
72208302118 6370737
72208302118 6390080
72208302118 6390098
72208302118 6390570
72208302118 6400591
72208302118 6400728
72208302118 6430372
72208302118 6430608
72208302118 6440845
72208302118 6450124
72208302118 6460691
72208302118 6470089
72208302118 6480218
72208302118 6480273
72208302118 6490443
72208302118 6510636
72208302118 6520172
72208302118 6520427
72208302118 6520454
72208302118 6530273
72208302118 6540404
72208302118 6560179
72208302118 6560845
72208302118 6570082
72208302118 6600092
72208302118 6600194
72208302118 6600332
72208302118 6620253
72208302118 6630148
72208302118 6630201
72208302118 6650687
72208302118 6660014
72208302118 6660091
72208302118 6680143
72208302118 6680233
72208302118 6690337
72208302118 6700089
72208302118 6700744
72208302118 6720746
72208302118 6730706
72208302118 6740123
72208302118 6750813
72208302118 6770617
72208302118 6790711
72208302118 6800803
72208302118 6820627
72208302118 6820834
72208302118 6830365
72208302118 6840046
72208302118 6850305
72208302118 6850740
72208302118 6850838
72208302118 6870597
72208302118 6880562
72208302118 6890340
72208302118 6890591
72208302118 6900624
72208302118 6910631
72208302118 6920433
72208302118 6920808
72208302118 6930417
72208302118 6950670
72208302118 6950803
72208302118 6960169
72208302118 6960637
72208302118 6970533
72208302118 6980044
72208302118 6990477
72208302118 7000685
72208302118 7010162
72208302118 7010427
72208302118 7010802
72208302118 7020460
72208302118 7030029
72208302118 7030070
72208302118 7030095
72208302118 7030224
72208302118 7040008
72208302118 7050078
72208302118 7060719
72208302118 7060742
72208302118 7070035
72208302118 7070492
72208302118 7080283
72208302118 7080306
72208302118 7080852
72208302118 7090024
72208302118 7090815
72208302118 7100412
72208302118 7110751
72208302118 7120383
72208302118 7120613
72208302118 7130100
72208302118 7130109
72208302118 7130266
72208302118 7130341
72208302118 7130840
72208302118 7140143
72208302118 7150604
72208302118 7150864
72208302118 7160654
72208302118 7170682
72208302118 7180317
72208302118 7180692
72208302118 7200125
72208302118 7200790
72208311151 11136
72208311151 20090
72208311151 20354
72208311151 20511
72208311151 30534
72208311151 30546
72208311151 40102
72208311151 50737
72208311151 60182
72208311151 60299
72208311151 80264
72208311151 80621
72208311151 90576
72208311151 100357
72208311151 100766
72208311151 110011
72208311151 110198
72208311151 140454
72208311151 170561
72208311151 170759
72208311151 190578
72208311151 190799
72208311151 200441
72208311151 200573
72208311151 210579
72208311151 220095
72208311151 260587
72208311151 260640
72208311151 260810
72208311151 260896
72208311151 270234
72208311151 270295
72208311151 270323
72208311151 270831
72208311151 280142
72208311151 280344
72208311151 290056
72208311151 300362
72208311151 310521
72208311151 320217
72208311151 320394
72208311151 320439
72208311151 320594
72208311151 320720
72208311151 340261
72208311151 360703
72208311151 370399
72208311151 370861
72208311151 390590
72208311151 400161
72208311151 400773
72208311151 410225
72208311151 410375
72208311151 430278
72208311151 430411
72208311151 430439
72208311151 440464
72208311151 450083
72208311151 450269
72208311151 450402
72208311151 450532
72208311151 460103
72208311151 470067
72208311151 470099
72208311151 480580
72208311151 500037
72208311151 500399
72208311151 510658
72208311151 520713
72208311151 530436
72208311151 540629
72208311151 550236
72208311151 550567
72208311151 570013
72208311151 580037
72208311151 580521
72208311151 580659
72208311151 630567
72208311151 630820
72208311151 640272
72208311151 650101
72208311151 650486
72208311151 660109
72208311151 660683
72208311151 660879
72208311151 670694
72208311151 680013
72208311151 690463
72208311151 690501
72208311151 730429
72208311151 740228
72208311151 750567
72208311151 760655
72208311151 770688
72208311151 780627
72208311151 810633
72208311151 820292
72208311151 830435
72208311151 830542
72208311151 830609
72208311151 850095
72208311151 860824
72208311151 870042
72208311151 880133
72208311151 880374
72208311151 890076
72208311151 900454
72208311151 920561
72208311151 940506
72208311151 950335
72208311151 950559
72208311151 960195
72208311151 970110
72208311151 980446
72208311151 980468
72208311151 1030336
72208311151 1030599
72208311151 1040182
72208311151 1040581
72208311151 1050412
72208311151 1060172
72208311151 1060450
72208311151 1070034
72208311151 1070236
72208311151 1090241
72208311151 1090652
72208311151 1100245
72208311151 1100500
72208311151 1110732
72208311151 1140381
72208311151 1160336
72208311151 1180155
72208311151 1180870
72208311151 1190530
72208311151 1200248
72208311151 1200323
72208311151 1220244
72208311151 1230155
72208311151 1270240
72208311151 1280151
72208311151 1290306
72208311151 1290307
72208311151 1290932
72208311151 1300795
72208311151 1320198
72208311151 1320687
72208311151 1330334
72208311151 1330655
72208311151 1330868
72208311151 1340119
72208311151 1340583
72208311151 1350237
72208311151 1350495
72208311151 1350540
72208311151 1360710
72208311151 1370888
72208311151 1380128
72208311151 1400312
72208311151 1400582
72208311151 1410010
72208311151 1410025
72208311151 1410113
72208311151 1410803
72208311151 1430020
72208311151 1440405
72208311151 1460156
72208311151 1460592
72208311151 1460852
72208311151 1470238
72208311151 1480689
72208311151 1490445
72208311151 1510575
72208311151 1520227
72208311151 1530200
72208311151 1540776
72208311151 1550237
72208311151 1570004
72208311151 1570098
72208311151 1570495
72208311151 1580298
72208311151 1590620
72208311151 1600587
72208311151 1600606
72208311151 1600669
72208311151 1600753
72208311151 1600773
72208311151 1600884
72208311151 1610393
72208311151 1630263
72208311151 1640829
72208311151 1650724
72208311151 1650797
72208311151 1660281
72208311151 1680437
72208311151 1690055
72208311151 1710000
72208311151 1710181
72208311151 1730509
72208311151 1750434
72208311151 1760517
72208311151 1760582
72208311151 1760718
72208311151 1770097
72208311151 1770428
72208311151 1780691
72208311151 1790102
72208311151 1790147
72208311151 1790327
72208311151 1790800
72208311151 1800640
72208311151 1810004
72208311151 1810730
72208311151 1810910
72208311151 1860407
72208311151 1870449
72208311151 1870849
72208311151 1880503
72208311151 1890606
72208311151 1920037
72208311151 1920735
72208311151 1920825
72208311151 1930747
72208311151 1940796
72208311151 1950136
72208311151 1950319
72208311151 1970637
72208311151 1980689
72208311151 1990335
72208311151 1990872
72208311151 2000142
72208311151 2000297
72208311151 2000380
72208311151 2000450
72208311151 2010332
72208311151 2010337
72208311151 2020397
72208311151 2040591
72208311151 2070192
72208311151 2080376
72208311151 2080702
72208311151 2090075
72208311151 2100762
72208311151 2100794
72208311151 2110345
72208311151 2120195
72208311151 2120718
72208311151 2130862
72208311151 2150392
72208311151 2150770
72208311151 2160491
72208311151 2160758
72208311151 2160836
72208311151 2170514
72208311151 2180235
72208311151 2180462
72208311151 2180774
72208311151 2190006
72208311151 2190239
72208311151 2190522
72208311151 2210458
72208311151 2210626
72208311151 2210693
72208311151 2210699
72208311151 2210821
72208311151 2220346
72208311151 2240022
72208311151 2240703
72208311151 2250020
72208311151 2250474
72208311151 2250549
72208311151 2250772
72208311151 2260332
72208311151 2260560
72208311151 2260645
72208311151 2260705
72208311151 2260796
72208311151 2270507
72208311151 2270716
72208311151 2280393
72208311151 2280457
72208311151 2280682
72208311151 2280811
72208311151 2290042
72208311151 2290081
72208311151 2290392
72208311151 2290546
72208311151 2300093
72208311151 2300517
72208311151 2300664
72208311151 2310524
72208311151 2320569
72208311151 2330171
72208311151 2340086
72208311151 2340501
72208311151 2350363
72208311151 2370839
72208311151 2370854
72208311151 2380023
72208311151 2380570
72208311151 2390028
72208311151 2390045
72208311151 2390282
72208311151 2390790
72208311151 2400089
72208311151 2420069
72208311151 2420839
72208311151 2430117
72208311151 2440577
72208311151 2440823
72208311151 2450311
72208311151 2450779
72208311151 2460007
72208311151 2460129
72208311151 2460674
72208311151 2460813
72208311151 2470319
72208311151 2480302
72208311151 2490019
72208311151 2490056
72208311151 2490326
72208311151 2490419
72208311151 2490441
72208311151 2490459
72208311151 2490481
72208311151 2490530
72208311151 2490576
72208311151 2490595
72208311151 2490654
72208311151 2490780
72208311151 2500053
72208311151 2500069
72208311151 2500113
72208311151 2500343
72208311151 2500349
72208311151 2500374
72208311151 2500416
72208311151 2500465
72208311151 2500499
72208311151 2500524
72208311151 2500544
72208311151 2500715
72208311151 2500730
72208311151 2500757
72208311151 2500781
72208311151 2510096
72208311151 2510199
72208311151 2510387
72208311151 2510411
72208311151 2510516
72208311151 2510652
72208311151 2510731
72208311151 2510760
72208311151 2510829
72208311151 2520056
72208311151 2520136
72208311151 2520218
72208311151 2520250
72208311151 2520399
72208311151 2520407
72208311151 2520415
72208311151 2520422
72208311151 2520432
72208311151 2520488
72208311151 2520767
72208311151 2520815
72208311151 2520816
72208311151 2520841
72208311151 2530059
72208311151 2530106
72208311151 2530114
72208311151 2530171
72208311151 2530219
72208311151 2530371
72208311151 2530388
72208311151 2530454
72208311151 2530489
72208311151 2530495
72208311151 2530599
72208311151 2530653
72208311151 2530714
72208311151 2530728
72208311151 2530795
72208311151 2530807
72208311151 2540171
72208311151 2540291
72208311151 2540296
72208311151 2540383
72208311151 2540436
72208311151 2540574
72208311151 2550880
72208311151 2560180
72208311151 2570692
72208311151 2580111
72208311151 2580220
72208311151 2600168
72208311151 2640089
72208311151 2650384
72208311151 2650518
72208311151 2670474
72208311151 2670475
72208311151 2680378
72208311151 2680676
72208311151 2690202
72208311151 2720470
72208311151 2720524
72208311151 2730668
72208311151 2740107
72208311151 2740692
72208311151 2760503
72208311151 2770336
72208311151 2770753
72208311151 2790474
72208311151 2790494
72208311151 2800542
72208311151 2800657
72208311151 2800846
72208311151 2820501
72208311151 2830476
72208311151 2830589
72208311151 2840583
72208311151 2860090
72208311151 2860618
72208311151 2860787
72208311151 2870075
72208311151 2870752
72208311151 2880062
72208311151 2900587
72208311151 2900651
72208311151 2910145
72208311151 2910467
72208311151 2920143
72208311151 2940570
72208311151 2960451
72208311151 2970369
72208311151 2970526
72208311151 2970610
72208311151 2980343
72208311151 2980366
72208311151 2980892
72208311151 2990176
72208311151 2990880
72208311151 3030645
72208311151 3040393
72208311151 3040854
72208311151 3060465
72208311151 3060674
72208311151 3130859
72208311151 3140167
72208311151 3140271
72208311151 3140277
72208311151 3140303
72208311151 3140315
72208311151 3140364
72208311151 3140380
72208311151 3140387
72208311151 3140444
72208311151 3140475
72208311151 3140572
72208311151 3140595
72208311151 3140677
72208311151 3140734
72208311151 3140828
72208311151 3150068
72208311151 3150104
72208311151 3150146
72208311151 3150198
72208311151 3150304
72208311151 3150345
72208311151 3150388
72208311151 3150545
72208311151 3150584
72208311151 3150742
72208311151 3150791
72208311151 3150825
72208311151 3160007
72208311151 3160121
72208311151 3160196
72208311151 3160254
72208311151 3160255
72208311151 3160302
72208311151 3160437
72208311151 3160457
72208311151 3160783
72208311151 3160816
72208311151 3160825
72208311151 3170091
72208311151 3170115
72208311151 3170144
72208311151 3170382
72208311151 3170384
72208311151 3170516
72208311151 3170612
72208311151 3170641
72208311151 3180020
72208311151 3180024
72208311151 3180041
72208311151 3180053
72208311151 3180181
72208311151 3180220
72208311151 3180231
72208311151 3180383
72208311151 3180386
72208311151 3180435
72208311151 3180449
72208311151 3180453
72208311151 3180564
72208311151 3180579
72208311151 3180589
72208311151 3180661
72208311151 3180681
72208311151 3180695
72208311151 3180714
72208311151 3190007
72208311151 3190026
72208311151 3190199
72208311151 3190315
72208311151 3190370
72208311151 3190401
72208311151 3190430
72208311151 3190463
72208311151 3190470
72208311151 3190570
72208311151 3190760
72208311151 3190806
72208311151 3190812
72208311151 3190883
72208311151 3200078
72208311151 3200149
72208311151 3200244
72208311151 3200468
72208311151 3200528
72208311151 3200608
72208311151 3200810
72208311151 3200855
72208311151 3210089
72208311151 3210142
72208311151 3210166
72208311151 3210191
72208311151 3210211
72208311151 3210431
72208311151 3210516
72208311151 3210586
72208311151 3210765
72208311151 3210855
72208311151 3210864
72208311151 3220070
72208311151 3220120
72208311151 3220251
72208311151 3230010
72208311151 3230087
72208311151 3230093
72208311151 3230125
72208311151 3230231
72208311151 3230346
72208311151 3230360
72208311151 3230366
72208311151 3230453
72208311151 3230457
72208311151 3240038
72208311151 3240546
72208311151 3240614
72208311151 3240746
72208311151 3250086
72208311151 3250393
72208311151 3250479
72208311151 3250532
72208311151 3250643
72208311151 3250684
72208311151 3250847
72208311151 3260005
72208311151 3260173
72208311151 3260451
72208311151 3260683
72208311151 3270490
72208311151 3290203
72208311151 3300772
72208311151 3310393
72208311151 3350167
72208311151 3360022
72208311151 3370817
72208311151 3380261
72208311151 3500375
72208311151 3560833
72208311151 3570387
72208311151 3590004
72208311151 3590332
72208311151 3600715
72208311151 3610258
72208311151 3610457
72208311151 3620293
72208311151 3630807
72208311151 3640018
72208311151 3640222
72208311151 3640576
72208311151 3650606
72208311151 3660341
72208311151 3660488
72208311151 3670094
72208311151 3670214
72208311151 3680142
72208311151 3720188
72208311151 3720734
72208311151 3730606
72208311151 3760449
72208311151 3760486
72208311151 3760800
72208311151 3800245
72208311151 3800431
72208311151 3810057
72208311151 3810178
72208311151 3840315
72208311151 3850040
72208311151 3870647
72208311151 3870793
72208311151 3880144
72208311151 3880505
72208311151 3880669
72208311151 3880853
72208311151 3890531
72208311151 3900410
72208311151 3910120
72208311151 3910765
72208311151 3910866
72208311151 3920273
72208311151 3930461
72208311151 3940646
72208311151 3950343
72208311151 3950465
72208311151 3970143
72208311151 3990175
72208311151 3990508
72208311151 4020295
72208311151 4020739
72208311151 4030753
72208311151 4040541
72208311151 4070727
72210191832 40038
72210191832 300367
72210191832 380512
72210191832 411029
72210191832 431113
72210191832 440314
72210191832 440330
72210191832 500590
72210191832 501199
72210191832 510885
72210191832 510954
72210191832 551089
72210191832 560258
72210191832 571325
72210191832 600995
72210191832 680460
72210191832 701225
72210191832 751034
72210191832 751334
72210191832 760376
72210191832 770550
72210191832 780234
72210191832 810452
72210191832 830072
72210191832 830544
72210191832 831152
72210191832 970312
72210191832 1000312
72210191832 1000698
72210191832 1140010
72210191832 1160520
72210191832 1160560
72210191832 1280326
72210191832 1420275
72210191832 1430424
72210191832 1520180
72210191832 1560356
72210191832 1570019
72210191832 1570875
72210191832 1591030
72210191832 1611179
72210191832 1620330
72210191832 1640702
72210191832 1681294
72210191832 1690511
72210191832 1770508
72210191832 1820816
72210191832 1830950
72210191832 1930098
72210191832 1931161
72210191832 1940876
72210192240 160493
72210192240 161276
72210192240 210651
72210192240 300587
72210192240 351109
72210192240 460234
72210192240 491147
72210192240 620146
72210192240 630417
72210192240 650173
72210192240 670677
72210192240 671224
72210192240 751074
72210192240 1041365
72210192240 1050024
72210192240 1150538
72210192240 1270715
72210192240 1361322
72210192240 1451328
72210192240 1580294
72210192240 1580872
72210192240 1610143
72210192240 1700449
72210192240 1741285
72210192240 1790909
72210192240 1840013
72210192240 1940725
72210192240 1970367
72210192240 1970906
72210192240 2000532
72210192240 2010089
72210192240 2020878
72210192240 2110387
72210192240 2130035
72210192240 2140569
72210192240 2201080
72210192240 2210878
72210192240 2240485
72210192240 2270911
72210192240 2331140
72210192240 2331250
72210192240 2400069
72210192240 2431152
72210192240 2450955
72210192240 2660602
72210192240 2680394
72210192240 2760934
72210192240 2780793
72210192240 2800439
72210192240 2840178
72210192240 2860474
72210192240 2891405
72210192240 2940060
72210192240 2940878
72210192240 2960443
72210192240 3010446
72210192240 3070697
72210192240 3100192
72210192240 3120378
72210192240 3130642
72210192240 3170057
72210192240 3180935
72210192240 3190005
72210192240 3201271
72210192240 3230510
72210192240 3280204
72210192240 3281188
72210192240 3311131
72210192240 3320472
72210192240 3320786
72210192240 3350800
72210192240 3351264
72210192240 3360492
72210192240 3370586
72210192240 3411304
72210192240 3420077
72210192240 3431214
72210192240 3540632
72210192240 3560466
72210192240 3580540
72210192240 3580859
72210192240 3620491
72210192240 3631226
72210192240 3640428
72210192240 3640833
72210192240 3681055
72210192240 3810148
72210192240 3830100
72210192240 3870565
72210192240 3871126
72210192240 3881328
72210192240 3890526
72210192240 3960057
72210192240 3980308
72210192240 4000234
72210192240 4090541
72210192240 4170094
72210192240 4171220
72210192240 4220109
72210192240 4281134
72210192240 4340160
72210192240 4370222
72210192240 4400232
72210192240 4420134
72210192240 4470475
72210192240 4500081
72210192240 4530352
72210192240 4600667
72210192240 4601077
72210192240 4610580
72210192240 4641222
72210192240 4661133
72210192240 4700336
72210192240 4730824
72210192240 4780158
72210192240 4780660
72210192240 4800447
72210192240 4950275
72210192240 4960824
72210192240 5011025
72210192240 5020230
72210192240 5030845
72210192240 5211182
72210192240 5231141
72210192240 5310051
72210200954 130138
72210200954 151154
72210200954 210429
72210200954 341350
72210200954 530796
72210200954 570256
72210200954 610838
72210200954 720923
72210200954 740716
72210200954 810750
72210200954 1050097
72210200954 1050355
72210200954 1141058
72210200954 1230818
72210200954 1300658
72210200954 1370399
72210200954 1400017
72210200954 1451042
72210200954 1500654
72210200954 1561002
72210200954 1570002
72210200954 1580298
72210200954 1640482
72210200954 1650301
72210200954 1720218
72210200954 1780407
72210200954 1791174
72210200954 1840877
72210200954 1940070
72210200954 1940165
72210200954 1990285
72210200954 1991060
72210200954 2080439
72210200954 2130450
72210200954 2131129
72210200954 2140053
72210200954 2200405
72210200954 2200838
72210200954 2220623
72210200954 2250436
72210200954 2250989
72210200954 2260857
72210200954 2280502
72210200954 2320706
72210200954 2341033
72210200954 2390609
72210200954 2400898
72210200954 2430531
72210200954 2480260
72210200954 2480856
72210200954 2481038
72210200954 2501291
72210200954 2680003
72210200954 2881229
72210200954 2901259
72210200954 3020500
72210200954 3040286
72210200954 3051166
72210200954 3081298
72210200954 3130710
72210200954 3280584
72210200954 3341184
72210200954 3360239
72210200954 3510263
72210200954 3510528
72210200954 3521092
72210200954 3570604
72210200954 3620532
72210200954 3621022
72210200954 3630456
72210200954 3631113
72210200954 3710913
72210200954 3781303
72210200954 3861136
72210200954 3920773
72210200954 3950967
72210200954 4000054
72210200954 4000272
72210200954 4110094
72210200954 4120008
72210200954 4160258
72210200954 4221035
72210200954 4240041
72210200954 4261003
72210200954 4340544
72210200954 4370428
72210200954 4441228
72210200954 4471116
72210200954 4480120
72210200954 4480968
72210200954 4510272
72210200954 4530257
72210200954 4531187
72210200954 4570795
72210200954 4580146
72210200954 4590584
72210200954 4600535
72210200954 4610628
72210200954 4660722
72210200954 4681236
72210200954 4720141
72210200954 4740992
72210200954 4761068
72210200954 5000287
72210200954 5120597
72210200954 5151308
72210200954 5181274
72210200954 5190541
72210200954 5190722
72210200954 5211081
72210200954 5230216
72210200954 5230265
72210200954 5230414
72210251956 150330
72210251956 210184
72210251956 220044
72210251956 251362
72210251956 361166
72210251956 390849
72210251956 560297
72210251956 581156
72210251956 710239
72210251956 790074
72210251956 840723
72210251956 880922
72210251956 950436
72210251956 1001062
72210251956 1170399
72210251956 1231201
72210251956 1240596
72210251956 1251079
72210251956 1260361
72210251956 1370536
72210251956 1410567
72210251956 1480699
72210251956 1860781
72210251956 1860893
72210251956 2000142
72210251956 2040013
72210251956 2100878
72210251956 2110191
72210251956 2130175
72210251956 2230995
72210251956 2260875
72210251956 2530769
72210251956 2680223
72210251956 2830098
72210251956 3180348
72210251956 3450467
72210251956 3550649
72210251956 3961429
72210251956 4120359
72210251956 4441090
72210251956 4780336
72210251956 5100356
72210251956 5230134
72210251956 5330569
72210251956 5360218
72210251956 5501218
72210251956 5920796
72210251956 5960351
72210251956 6010457
72210251956 6050414
72210251956 6070029
72210251956 6190341
72210261049 30702
72210261049 70717
72210261049 150771
72210261049 330752
72210261049 490582
72210261049 560192
72210261049 610590
72210261049 670320
72210261049 720349
72210261049 730852
72210261049 741113
72210261049 791299
72210261049 831414
72210261049 940709
72210261049 980039
72210261049 1060478
72210261049 1140608
72210261049 1231260
72210261049 1320305
72210261049 1320559
72210261049 1360042
72210261049 1390737
72210261049 1410206
72210261049 1430341
72210261049 1430503
72210261049 1441273
72210261049 1480577
72210261049 1570981
72210261049 1621162
72210261049 1630325
72210261049 1710033
72210261049 1720047
72210261049 1721260
72210261049 1770880
72210261049 1771321
72210261049 1780563
72210261049 1930220
72210261049 2040175
72210261049 2121043
72210261049 2260384
72210261049 2280784
72210261049 2351001
72210261049 2370260
72210261049 2390761
72210261049 2450054
72210261049 2450591
72210261049 2511038
72210261049 2570021
72210261049 2620580
72210261049 2820862
72210261049 2850200
72210261049 2860033
72210261049 2990900
72210261049 3000658
72210261049 3040372
72210261049 3080403
72210261049 3100803
72210261049 3131044
72210261049 3160490
72210261049 3280365
72210261049 3340984
72210261049 3400620
72210261049 3460089
72210261049 3550644
72210261049 3571206
72210261049 3630609
72210261049 3670744
72210261049 3831195
72210261049 3930632
72210261049 4050453
72210261049 4110952
72210261049 4150190
72210261049 4180769
72210261049 4470243
72210261049 4611255
72210261049 4630494
72210261049 4680196
72210261049 4790026
72210261049 4870085
72210261049 4910624
72210261049 4980323
72210261049 5050480
72210261049 5161249
72210261049 5291234
72210261049 5351188
72210261049 5670367
72210261049 5770562
72210261049 5850201
72210261049 5910014
72210261049 5931139
72210261049 5970607
72210261049 6160178
72210261049 6191126
72210261049 6291084
72210261049 6430377
72210262224 180022
72210262224 270620
72210262224 330550
72210262224 370881
72210262224 510440
72210262224 531048
72210262224 600726
72210262224 690009
72210262224 730103
72210262224 760402
72210262224 790442
72210262224 991167
72210262224 1220214
72210262224 1270453
72210262224 1480251
72210262224 1500097
72210262224 1640682
72210262224 1860249
72210262224 1970500
72210262224 1981361
72210262224 2040316
72210262224 2250879
72210262224 2461083
72210262224 2550494
72210262224 2771343
72210262224 2780862
72210262224 2830691
72210262224 2940172
72210262224 2981275
72210262224 3010512
72210262224 3031222
72210262224 3060908
72210262224 3310429
72210262224 3330553
72210262224 3341202
72210262224 3460606
72210262224 3661264
72210262224 3681249
72210262224 3710234
72210262224 3820171
72210262224 3830971
72210262224 3840257
72210262224 4150950
72210262224 4230463
72210262224 4390465
72210262224 4450879
72210262224 4580905
72210262224 4660800
72210262224 4721402
72210262224 4731079
72210262224 4820894
72210262224 4860193
72210262224 5090015
72210262224 5161263
72210262224 5250334
72210262224 5340792
72210262224 5401304
72210262224 5550830
72210262224 5830793
72210262224 5840081
72210262224 5900922
72210262224 5920432
72210262224 6020630
72210262224 6110963
72210262224 6320644
72210262224 6340874
72210270959 20206
72210270959 60283
72210270959 150116
72210270959 200515
72210270959 231284
72210270959 270702
72210270959 290883
72210270959 290963
72210270959 330936
72210270959 470266
72210270959 471028
72210270959 471424
72210270959 490923
72210270959 521095
72210270959 521323
72210270959 540981
72210270959 561359
72210270959 590310
72210270959 611090
72210270959 640832
72210270959 660900
72210270959 700758
72210270959 780121
72210270959 850724
72210270959 860507
72210270959 880768
72210270959 940954
72210270959 950908
72210270959 1000326
72210270959 1040392
72210270959 1071042
72210270959 1071174
72210270959 1160646
72210270959 1161240
72210270959 1210649
72210270959 1271230
72210270959 1280755
72210270959 1280874
72210270959 1490401
72210270959 1560380
72210270959 1640069
72210270959 1670467
72210270959 1730463
72210270959 1760011
72210270959 1770085
72210270959 1790169
72210270959 1790455
72210270959 1791306
72210270959 1801075
72210270959 1930476
72210270959 1941319
72210270959 1961298
72210270959 1990869
72210270959 2020487
72210270959 2020691
72210270959 2110121
72210270959 2180390
72210270959 2220285
72210270959 2220597
72210270959 2221381
72210270959 2230562
72210270959 2241161
72210270959 2250331
72210270959 2331144
72210270959 2370007
72210270959 2480635
72210270959 2620517
72210270959 2620954
72210270959 2710001
72210270959 2740922
72210270959 2750086
72210270959 2780109
72210270959 2820904
72210270959 2901173
72210270959 2941233
72210270959 3090071
72210270959 3100152
72210270959 3121245
72210270959 3140381
72210270959 3170542
72210270959 3180026
72210270959 3190447
72210270959 3210666
72210270959 3221318
72210270959 3241072
72210270959 3241101
72210270959 3291316
72210270959 3390291
72210270959 3400149
72210270959 3440767
72210270959 3481384
72210270959 3490131
72210270959 3491120
72210270959 3501309
72210270959 3521382
72210270959 3530177
