72209171225 5050421
72208301829 500276
72208301829 690498
72208301829 810046
72208311151 1970174
72208311151 2680805
72208311151 3360447
72208311151 3830107
72208311151 3920141
72210192240 530530
72210200954 50285
72210200954 1070483
72210200954 1740700
72210200954 2471363
72210200954 2751338
72210200954 3211214
72210200954 3270912
72210200954 3500324
72210200954 4120450
72210200954 4490652
72210261049 220484
72210261049 1210356
72210261049 2050884
72210261049 2470676
72210261049 2580495
72210261049 2821035
72210261049 2880129
72210261049 3581218
72210261049 3620297
72210261049 3741374
72210261049 4281256
72210261049 4881319
72210261049 5360099
72210261049 5470962
72210262224 460468
72210262224 1200617
72210262224 4230001
72210262224 5201257
72210270959 420272
72210270959 1031173
72210270959 2240716
72210270959 3130967
